epoch,loss,val_loss
0,2.5427942276000977,1.9266986846923828
1,2.6306636333465576,1.9470194578170776
2,2.637913465499878,1.8489993810653687
3,2.5552561283111572,1.7834758758544922
4,2.6016600131988525,2.09238338470459
5,2.5302979946136475,1.9258898496627808
6,2.7051689624786377,1.7856348752975464
7,2.6705262660980225,2.5132267475128174
8,2.7429585456848145,1.776473879814148
9,2.5186564922332764,2.0103647708892822
10,2.6494085788726807,1.8614180088043213
11,2.62910532951355,2.036816358566284
12,2.718626022338867,1.8397727012634277
13,2.662851095199585,1.7770099639892578
14,2.6553993225097656,1.8074414730072021
15,2.60170841217041,1.9094489812850952
16,2.5988967418670654,1.9968641996383667
17,2.5768139362335205,1.9794776439666748
18,2.5863842964172363,2.626394033432007
19,2.579688549041748,1.801064133644104
20,2.6788315773010254,1.8966718912124634
21,2.6268041133880615,1.8364332914352417
22,2.597837209701538,1.7783020734786987
23,2.6445486545562744,1.8481419086456299
24,2.5753679275512695,1.9327293634414673
25,2.63946533203125,1.8115628957748413
26,2.680779218673706,1.8132727146148682
27,2.591034173965454,1.8553340435028076
28,2.5380747318267822,1.8673834800720215
29,2.616753101348877,1.9634532928466797
30,2.576585531234741,1.838130235671997
31,2.6614058017730713,1.8162224292755127
32,2.619414806365967,1.8405762910842896
33,2.6181254386901855,2.075408458709717
34,2.659081220626831,2.092999219894409
35,2.677461862564087,1.9659631252288818
36,2.7293436527252197,1.8430217504501343
37,2.632418632507324,1.990432858467102
38,2.6374552249908447,1.9711127281188965
39,2.5405242443084717,1.8869045972824097
40,2.5923197269439697,1.7774779796600342
41,2.686229944229126,1.8785451650619507
42,2.587981700897217,1.786605954170227
43,2.6153101921081543,1.7771185636520386
44,2.6003501415252686,1.8106842041015625
45,2.606273651123047,1.9941943883895874
46,2.612130641937256,1.8440049886703491
47,2.644521951675415,1.8030202388763428
48,2.7314515113830566,2.1857736110687256
49,2.6075263023376465,1.7856816053390503
50,2.6084628105163574,1.7991575002670288
51,2.6069140434265137,1.868390679359436
52,2.657827615737915,1.8794176578521729
53,2.637484550476074,1.782929539680481
54,2.6359236240386963,1.9850304126739502
55,2.6152217388153076,2.109177350997925
56,2.576887607574463,1.7803922891616821
57,2.5591440200805664,1.8732991218566895
58,2.645641326904297,2.031097650527954
59,2.6610116958618164,1.8152790069580078
60,2.7111310958862305,1.972184419631958
61,2.555386543273926,1.9501432180404663
62,2.859140157699585,1.8879343271255493
63,2.59562087059021,1.9019224643707275
64,2.5893962383270264,1.875328540802002
65,2.5591912269592285,1.782251000404358
66,2.649461507797241,1.795957326889038
67,2.6536452770233154,1.8801367282867432
68,2.5410099029541016,2.6791832447052
69,2.6090593338012695,1.7948148250579834
70,2.5485572814941406,2.0986831188201904
71,2.632859945297241,1.8309029340744019
72,2.630845308303833,1.9417346715927124
73,2.594041585922241,2.0701279640197754
74,2.6481001377105713,1.781329870223999
75,2.5810024738311768,1.7893706560134888
76,2.665903091430664,1.8077435493469238
77,2.631770372390747,1.8142085075378418
78,2.5863285064697266,1.7865636348724365
79,2.5712687969207764,1.794305682182312
80,2.5938260555267334,1.8207577466964722
81,2.5732810497283936,1.827996015548706
82,2.536255359649658,2.3422701358795166
83,2.5756676197052,1.9297477006912231
84,2.556403398513794,1.7815570831298828
85,2.6352362632751465,1.7782237529754639
86,2.6262125968933105,1.856473684310913
87,2.556760311126709,2.225914239883423
88,2.58658504486084,1.8094993829727173
89,2.6185081005096436,1.8894745111465454
90,2.6070263385772705,2.234440326690674
91,2.6248161792755127,1.8329360485076904
92,2.6026151180267334,1.794576644897461
93,2.640946626663208,1.8086566925048828
94,2.6308252811431885,1.91605544090271
95,2.67157244682312,1.7842520475387573
96,2.6262152194976807,2.0143871307373047
97,2.5457637310028076,2.0175693035125732
98,2.682636260986328,1.8794623613357544
99,2.7152886390686035,1.9336286783218384
100,2.613858222961426,1.917130708694458
101,2.585880756378174,1.829994559288025
102,2.6455047130584717,1.8520760536193848
103,2.6734344959259033,1.8657537698745728
104,2.594031810760498,2.5164129734039307
105,2.604306697845459,1.9887076616287231
106,2.59525203704834,2.093336582183838
107,2.6660423278808594,1.7915230989456177
108,2.6424942016601562,1.8624354600906372
109,2.696723699569702,2.0185015201568604
110,2.6258444786071777,1.8111063241958618
111,2.6856610774993896,1.791485071182251
112,2.6232714653015137,1.8599879741668701
113,2.5745692253112793,1.9284749031066895
114,2.634450674057007,1.8177837133407593
115,2.5655133724212646,1.8246052265167236
116,2.66620135307312,1.844165325164795
117,2.6637251377105713,1.8543031215667725
118,2.6478137969970703,2.099287271499634
119,2.6212880611419678,1.9261554479599
120,2.5807104110717773,1.7816535234451294
121,2.524531126022339,1.885834813117981
122,2.5270068645477295,1.9559627771377563
123,2.6257009506225586,1.7823333740234375
124,2.674165964126587,1.8057501316070557
125,2.586549997329712,2.915191650390625
126,2.680316686630249,1.7925046682357788
127,2.5980629920959473,1.7793934345245361
128,2.5882198810577393,2.174849033355713
129,2.586970567703247,1.853277564048767
130,2.5767574310302734,1.9786293506622314
131,2.6519434452056885,1.9384809732437134
132,2.5992774963378906,1.8578144311904907
133,2.642716646194458,1.8470380306243896
134,2.5987637042999268,1.919405460357666
135,2.5421464443206787,1.9218177795410156
136,2.6486971378326416,1.7777997255325317
137,2.6069674491882324,1.8718936443328857
138,2.643798828125,1.784075379371643
139,2.6656413078308105,2.18471622467041
140,2.555964708328247,1.7972465753555298
141,2.612647771835327,1.7933135032653809
142,2.633422374725342,1.8239418268203735
143,2.5629329681396484,1.977960228919983
144,2.6743626594543457,1.9242992401123047
145,2.5524630546569824,1.784409999847412
146,2.5953776836395264,1.8088691234588623
147,2.629387140274048,1.8820818662643433
148,2.638566732406616,1.9711679220199585
149,2.632244348526001,1.7841390371322632
150,2.567676305770874,2.1543831825256348
151,2.6181671619415283,1.8844654560089111
152,2.6480753421783447,1.9365423917770386
153,2.6956169605255127,1.890296220779419
154,2.54583740234375,1.832383632659912
155,2.536210298538208,1.7879668474197388
156,2.621126890182495,1.9859859943389893
157,2.5660781860351562,1.9336971044540405
158,2.5411949157714844,1.9338754415512085
159,2.5940799713134766,1.8010066747665405
160,2.5593373775482178,1.8169567584991455
161,2.5371196269989014,2.159022808074951
162,2.6118996143341064,1.988991141319275
163,2.6106672286987305,1.95612633228302
164,2.636817216873169,2.1571686267852783
165,2.665504217147827,1.8158589601516724
166,2.6392805576324463,2.859506130218506
167,2.6643691062927246,1.7773194313049316
168,2.571378469467163,1.9987425804138184
169,2.558666706085205,1.8021069765090942
170,2.58626651763916,1.8788772821426392
171,2.6291494369506836,1.813921570777893
172,2.6023147106170654,1.8387717008590698
173,2.5794031620025635,2.003373384475708
174,2.5503010749816895,1.9457268714904785
175,2.596198558807373,1.9132297039031982
176,2.6811420917510986,2.0179848670959473
177,2.642646312713623,1.827103853225708
178,2.5923380851745605,1.8456851243972778
179,2.6138060092926025,2.053487539291382
180,2.6429927349090576,1.7818900346755981
181,2.585287570953369,1.7930245399475098
182,2.609581470489502,1.7915462255477905
183,2.5526092052459717,1.8163623809814453
184,2.702007532119751,1.8155313730239868
185,2.561039686203003,2.0226852893829346
186,2.6190972328186035,2.0759122371673584
187,2.6211965084075928,1.8402067422866821
188,2.619392156600952,2.0010826587677
189,2.634831666946411,1.9591445922851562
190,2.6107521057128906,2.0251739025115967
191,2.615652322769165,1.824021816253662
192,2.551034927368164,1.8227269649505615
193,2.6375744342803955,1.8127609491348267
194,2.5608060359954834,1.9506536722183228
195,2.60036563873291,1.7982573509216309
196,2.684641122817993,2.0969951152801514
197,2.6368162631988525,1.7842572927474976
198,2.6498501300811768,1.7879992723464966
199,2.585421323776245,1.7794692516326904
