epoch,loss,val_loss
0,2.5925347805023193,1.7800542116165161
1,2.6599209308624268,1.9405388832092285
2,2.5610554218292236,1.7925570011138916
3,2.5480213165283203,1.887769341468811
4,2.5340044498443604,1.9605544805526733
5,2.616438150405884,1.839991807937622
6,2.643415689468384,1.8008713722229004
7,2.600785732269287,1.8109837770462036
8,2.563030242919922,2.0205514430999756
9,2.656038522720337,1.7847224473953247
10,2.5726377964019775,1.7799394130706787
11,2.6538877487182617,2.355618715286255
12,2.5797600746154785,1.8969775438308716
13,2.5994033813476562,1.8106533288955688
14,2.6198933124542236,1.9660091400146484
15,2.6095402240753174,2.2242541313171387
16,2.568834066390991,1.8655146360397339
17,2.6012930870056152,1.8420339822769165
18,2.5231728553771973,1.847952961921692
19,2.578812837600708,2.1659209728240967
20,2.560593605041504,1.8257334232330322
21,2.5283546447753906,2.0381734371185303
22,2.605395555496216,1.8951680660247803
23,2.6325910091400146,1.9982150793075562
24,2.6666135787963867,1.8419052362442017
25,2.666055917739868,1.9281141757965088
26,2.5631604194641113,1.8083884716033936
27,2.7142508029937744,2.028012990951538
28,2.6151297092437744,1.894166350364685
29,2.611589193344116,1.7930809259414673
30,2.617912769317627,1.8115020990371704
31,2.6265766620635986,1.9376527070999146
32,2.6077487468719482,1.8857992887496948
33,2.5684943199157715,2.0228118896484375
34,2.5720906257629395,1.8913904428482056
35,2.5598878860473633,1.7931355237960815
36,2.573852300643921,2.102365732192993
37,2.59293532371521,1.892907977104187
38,2.6057562828063965,1.7933851480484009
39,2.6395275592803955,1.8690403699874878
40,2.603309392929077,1.8284660577774048
41,2.671046733856201,1.8210933208465576
42,2.708636522293091,1.786163568496704
43,2.619311809539795,2.016871929168701
44,2.6083428859710693,1.8037701845169067
45,2.489900588989258,1.7847952842712402
46,2.595702648162842,2.029216766357422
47,2.622206687927246,1.809185266494751
48,2.5762884616851807,1.7794528007507324
49,2.572143316268921,1.8763164281845093
50,2.67828369140625,1.8433902263641357
51,2.5764358043670654,1.7860569953918457
52,2.5792384147644043,1.8638927936553955
53,2.611150026321411,2.0822272300720215
54,2.6571786403656006,1.8871722221374512
55,2.7071001529693604,1.7919116020202637
56,2.5762758255004883,1.8379155397415161
57,2.633456230163574,1.9362250566482544
58,2.587137460708618,1.7845739126205444
59,2.6174440383911133,1.8460146188735962
60,2.629344940185547,1.8578940629959106
61,2.5478484630584717,1.8967208862304688
62,2.615396499633789,1.779468297958374
63,2.599623203277588,1.7965843677520752
64,2.552204132080078,1.8693867921829224
65,2.5665996074676514,1.8406585454940796
66,2.5556957721710205,1.7951704263687134
67,2.548063039779663,1.7945750951766968
68,2.5875794887542725,1.781137466430664
69,2.596383810043335,1.845422625541687
70,2.589769124984741,1.8068406581878662
71,2.558540105819702,1.7832095623016357
72,2.628934144973755,1.8153938055038452
73,2.5168845653533936,1.7854775190353394
74,2.5485196113586426,1.7781583070755005
75,2.6132118701934814,2.1563313007354736
76,2.6139979362487793,1.8120189905166626
77,2.5198776721954346,1.8009872436523438
78,2.6384270191192627,1.8073176145553589
79,2.608128070831299,1.8051631450653076
80,2.55241060256958,1.8377381563186646
81,2.566948175430298,1.8077682256698608
82,2.614229679107666,1.8024135828018188
83,2.5900022983551025,2.235229253768921
84,2.5910043716430664,1.8258508443832397
85,2.6079225540161133,1.8541196584701538
86,2.6375555992126465,1.8985135555267334
87,2.5668704509735107,2.8529746532440186
88,2.582770347595215,1.8633034229278564
89,2.6324212551116943,1.8446835279464722
90,2.627967596054077,1.9504257440567017
91,2.5405569076538086,1.8920257091522217
92,2.6091628074645996,1.8481769561767578
93,2.604351282119751,1.8334991931915283
94,2.631898880004883,1.9645984172821045
95,2.6453211307525635,2.0947749614715576
96,2.607999324798584,1.8052200078964233
97,2.6114742755889893,1.7949950695037842
98,2.5468456745147705,1.8023899793624878
99,2.6061408519744873,1.7823960781097412
100,2.6564345359802246,1.7851026058197021
101,2.5571401119232178,2.02386212348938
102,2.5652928352355957,1.9388861656188965
103,2.567340612411499,1.7891491651535034
104,2.6577563285827637,1.9984887838363647
105,2.534712314605713,1.785867691040039
106,2.6550450325012207,1.7773692607879639
107,2.601189613342285,1.849882960319519
108,2.552783727645874,1.9980525970458984
109,2.641878843307495,1.9076579809188843
110,2.6316030025482178,1.7806802988052368
111,2.599961519241333,1.8198829889297485
112,2.583740711212158,1.9715118408203125
113,2.5948188304901123,1.8192670345306396
114,2.5679664611816406,1.8322861194610596
115,2.6031391620635986,1.8300247192382812
116,2.582062244415283,1.79041588306427
117,2.5863184928894043,1.7932459115982056
118,2.5891101360321045,2.6458022594451904
119,2.692110538482666,1.797345757484436
120,2.5519673824310303,1.7904279232025146
121,2.623627185821533,1.8246912956237793
122,2.566014289855957,1.9427133798599243
123,2.6803271770477295,2.6423022747039795
124,2.6949737071990967,1.7786811590194702
125,2.6617283821105957,2.1292543411254883
126,2.5427215099334717,1.912017822265625
127,2.6040468215942383,2.2363154888153076
128,2.5704219341278076,1.9041416645050049
129,2.6381168365478516,1.814768671989441
130,2.5432357788085938,2.1235501766204834
131,2.6241536140441895,1.8489577770233154
132,2.646998882293701,1.8495463132858276
133,2.5733768939971924,1.8342698812484741
134,2.5416343212127686,2.0241940021514893
135,2.6379947662353516,1.8156611919403076
136,2.636256694793701,1.8410671949386597
137,2.6993696689605713,1.7820093631744385
138,2.590601921081543,1.816710352897644
139,2.6220545768737793,1.801045298576355
140,2.586777448654175,1.8745858669281006
141,2.5341241359710693,1.7971374988555908
142,2.5517568588256836,1.9929298162460327
143,2.6349899768829346,1.7891086339950562
144,2.5895276069641113,2.1268887519836426
145,2.5359959602355957,1.8255176544189453
146,2.5900533199310303,1.7851063013076782
147,2.584226369857788,1.8000352382659912
148,2.562385320663452,1.9165916442871094
149,2.6799023151397705,1.7974228858947754
150,2.6358211040496826,1.974112629890442
151,2.578023910522461,1.7840486764907837
152,2.560901403427124,1.8634605407714844
153,2.580396890640259,1.7903132438659668
154,2.537842035293579,1.886559247970581
155,2.6379284858703613,1.9193512201309204
156,2.5844767093658447,1.7956197261810303
157,2.6157326698303223,1.8369011878967285
158,2.5807149410247803,2.454784631729126
159,2.5940394401550293,2.0062851905822754
160,2.5596132278442383,1.7899287939071655
161,2.5803256034851074,2.144639015197754
162,2.5619819164276123,1.8108150959014893
163,2.5205771923065186,1.8263410329818726
164,2.6208934783935547,1.825076699256897
165,2.607799530029297,2.1765198707580566
166,2.6220405101776123,1.8650474548339844
167,2.570645332336426,1.8331860303878784
168,2.4978833198547363,2.301387071609497
169,2.6165382862091064,1.7937043905258179
170,2.584091901779175,1.8141124248504639
171,2.6192708015441895,1.7860639095306396
172,2.5470662117004395,1.8084232807159424
173,2.634012222290039,1.8435280323028564
174,2.549975633621216,1.9527207612991333
175,2.592768669128418,2.008126735687256
176,2.6494345664978027,1.965125560760498
177,2.535382032394409,1.9965198040008545
178,2.614011526107788,1.9897297620773315
179,2.831195831298828,2.325650930404663
180,2.5660507678985596,1.987154245376587
181,2.5184826850891113,1.8188368082046509
182,2.6784727573394775,1.8557225465774536
183,2.6473195552825928,1.8486706018447876
184,2.5442233085632324,1.8789443969726562
185,2.6095657348632812,2.349515199661255
186,2.6131248474121094,1.8253352642059326
187,2.5508487224578857,1.9167189598083496
188,2.5708556175231934,1.8333967924118042
189,2.597987651824951,1.8536778688430786
190,2.607889175415039,1.9104334115982056
191,2.556472063064575,1.8076691627502441
192,2.541930675506592,1.8234889507293701
193,2.6678478717803955,1.8817232847213745
194,2.5903592109680176,2.041720151901245
195,2.6113603115081787,1.8240010738372803
196,2.630389451980591,1.842905044555664
197,2.62241530418396,1.8248170614242554
198,2.538996934890747,1.872457504272461
199,2.6016504764556885,1.8937782049179077
