epoch,loss,val_loss
0,2.6776487827301025,1.8073124885559082
1,2.757371425628662,2.6432108879089355
2,2.8068795204162598,1.9313849210739136
3,2.749948024749756,1.790124535560608
4,2.8219268321990967,1.879600167274475
5,2.7599124908447266,1.813457727432251
6,2.679997205734253,1.933090090751648
7,2.762070894241333,2.0709617137908936
8,2.6454262733459473,1.8885371685028076
9,2.8418521881103516,2.3295705318450928
10,2.8326938152313232,3.025857448577881
11,2.7774291038513184,1.800559401512146
12,2.7730464935302734,2.615586280822754
13,2.779656171798706,2.1688029766082764
14,2.9707016944885254,1.9427049160003662
15,2.8650565147399902,1.8768476247787476
16,2.8394224643707275,1.9590206146240234
17,2.6655774116516113,2.130115270614624
18,3.0181076526641846,2.000255823135376
19,2.703874111175537,1.9443327188491821
20,2.795459508895874,2.6139578819274902
21,2.6861040592193604,1.7956900596618652
22,2.8333230018615723,2.0565757751464844
23,2.7311198711395264,1.8661586046218872
24,2.678668737411499,1.790783405303955
25,2.7941243648529053,2.0973711013793945
26,2.72816801071167,1.8545087575912476
27,2.736241579055786,1.7957748174667358
28,2.6489670276641846,2.0064289569854736
29,2.79152512550354,1.792165756225586
30,2.85272479057312,1.81565260887146
31,2.750330924987793,1.9005826711654663
32,2.8534624576568604,1.7958940267562866
33,2.723116397857666,1.8079946041107178
34,2.6869935989379883,2.1401560306549072
35,2.6997711658477783,1.8967362642288208
36,2.7077975273132324,1.8713680505752563
37,2.7672030925750732,1.8093581199645996
38,2.862617254257202,1.820764422416687
39,2.8357551097869873,1.7912466526031494
40,2.7567684650421143,1.9187281131744385
41,2.736497402191162,1.807438611984253
42,2.775027275085449,2.1187357902526855
43,2.6896510124206543,1.7943428754806519
44,2.6256117820739746,1.9703857898712158
45,2.723947525024414,1.7902469635009766
46,2.739502429962158,2.1301138401031494
47,2.8802924156188965,2.0668694972991943
48,2.8331425189971924,2.039787769317627
49,2.744812250137329,2.2778680324554443
50,2.6764957904815674,1.793626308441162
51,2.7228288650512695,2.0631232261657715
52,2.620302438735962,2.0730364322662354
53,2.7202796936035156,2.0090742111206055
54,2.6975033283233643,2.1722986698150635
55,2.7563092708587646,1.793515920639038
56,2.7929418087005615,2.06078839302063
57,2.777160167694092,1.8157401084899902
58,2.67486572265625,1.8614040613174438
59,2.747776508331299,1.8096954822540283
60,2.8043651580810547,1.8205678462982178
61,2.7599964141845703,1.8038334846496582
62,2.697510004043579,1.9937798976898193
63,2.7509360313415527,1.9999412298202515
64,2.6039750576019287,1.8866783380508423
65,2.8001182079315186,2.059185028076172
66,2.6755430698394775,1.8204151391983032
67,2.7351608276367188,1.8311280012130737
68,2.725004196166992,2.8021132946014404
69,2.7382380962371826,1.9340763092041016
70,2.6955718994140625,1.8154186010360718
71,2.7626993656158447,1.846982717514038
72,2.69292950630188,1.8627384901046753
73,2.6917896270751953,2.094040632247925
74,2.819200038909912,1.8152081966400146
75,2.7204864025115967,1.801997423171997
76,2.7143614292144775,2.797600030899048
77,2.7405731678009033,1.8051458597183228
78,2.6665804386138916,1.9047446250915527
79,2.8091249465942383,1.8569920063018799
80,2.815199136734009,2.1296424865722656
81,2.785235643386841,1.800886869430542
82,2.651271104812622,2.2582590579986572
83,2.6426327228546143,1.816836953163147
84,2.67091965675354,1.8478165864944458
85,2.7293806076049805,1.8209171295166016
86,2.8053829669952393,1.9321550130844116
87,2.8186182975769043,1.80239999294281
88,2.7722220420837402,1.8515477180480957
89,2.74528431892395,1.9335421323776245
90,2.820711612701416,1.880651593208313
91,2.7450449466705322,1.8216909170150757
92,2.7119462490081787,2.4048492908477783
93,2.7137579917907715,1.7979949712753296
94,2.7371299266815186,2.129222869873047
95,2.8023769855499268,1.8558247089385986
96,2.686216354370117,1.8139601945877075
97,2.819577217102051,1.947243571281433
98,2.643571615219116,2.0820376873016357
99,2.7369472980499268,2.005054235458374
100,2.723912000656128,1.8054193258285522
101,2.8169057369232178,1.8036214113235474
102,2.723163604736328,1.8100420236587524
103,2.71305513381958,1.9573038816452026
104,2.8749868869781494,1.7989561557769775
105,2.7543227672576904,1.798279881477356
106,2.725269317626953,2.0634803771972656
107,2.845381021499634,1.9601792097091675
108,2.7685344219207764,2.068380832672119
109,2.788249969482422,1.8031121492385864
110,2.757582187652588,1.8116298913955688
111,2.7019596099853516,1.8175395727157593
112,2.72192645072937,1.9202121496200562
113,2.752293348312378,1.8979153633117676
114,2.719212055206299,1.848797082901001
115,2.7231626510620117,2.0768275260925293
116,2.6588566303253174,1.9192752838134766
117,2.756709575653076,1.8043690919876099
118,2.708688497543335,1.8129273653030396
119,2.694784164428711,1.8379650115966797
120,2.8520166873931885,2.458371877670288
121,2.750148057937622,1.8327347040176392
122,2.70721697807312,1.8203253746032715
123,2.708869457244873,2.047926664352417
124,2.7164194583892822,1.815116047859192
125,2.7183964252471924,1.801265835762024
126,2.7052652835845947,2.0029637813568115
127,2.673143148422241,1.8309422731399536
128,2.8075356483459473,1.8110007047653198
129,2.7396347522735596,1.8276097774505615
130,2.6845343112945557,2.2689976692199707
131,2.807974100112915,2.282498598098755
132,2.6414551734924316,2.1211016178131104
133,2.6151580810546875,1.8427081108093262
134,2.6614315509796143,1.9491583108901978
135,2.6763672828674316,2.0950300693511963
136,2.691561222076416,1.8572179079055786
137,2.7888362407684326,1.8662151098251343
138,2.6510331630706787,1.852284550666809
139,2.762594699859619,1.8040128946304321
140,2.708393096923828,1.8001494407653809
141,2.6713790893554688,1.8344852924346924
142,2.698974132537842,3.2498910427093506
143,2.7882168292999268,2.0296590328216553
144,2.656642436981201,1.8012744188308716
145,2.720072031021118,1.838820219039917
146,2.7251439094543457,1.8668235540390015
147,2.6999740600585938,1.8110600709915161
148,2.689797878265381,1.813860535621643
149,2.6670420169830322,1.9825077056884766
150,2.725290060043335,1.8969016075134277
151,2.775696277618408,2.2188467979431152
152,2.712780237197876,2.021660327911377
153,2.742011785507202,1.8198412656784058
154,2.6762025356292725,1.815380334854126
155,2.730247974395752,1.9900954961776733
156,2.7476160526275635,1.8179107904434204
157,2.688899517059326,1.905663251876831
158,2.6857669353485107,2.0335376262664795
159,2.7213430404663086,1.9200303554534912
160,2.667545795440674,2.0701825618743896
161,2.7754013538360596,1.936500906944275
162,2.6939120292663574,1.8759453296661377
163,2.719000816345215,1.964130163192749
164,2.7676610946655273,1.8810696601867676
165,2.6757278442382812,1.7954457998275757
166,2.581650733947754,1.7919657230377197
167,2.710859537124634,1.7969105243682861
168,2.675638437271118,1.827008605003357
169,2.762223482131958,1.986403226852417
170,2.7474818229675293,1.9263964891433716
171,2.736628770828247,1.790818691253662
172,2.5900213718414307,2.432093858718872
173,2.7957897186279297,2.754502534866333
174,2.6168999671936035,1.8032819032669067
175,2.5986580848693848,1.8502354621887207
176,2.6214003562927246,1.9799754619598389
177,2.5819265842437744,1.8683584928512573
178,2.794374942779541,1.8648285865783691
179,2.707097291946411,1.8398429155349731
180,2.742393970489502,2.088167905807495
181,2.7303273677825928,1.9349920749664307
182,2.7241322994232178,1.8162583112716675
183,2.7011473178863525,1.9079076051712036
184,2.713310718536377,1.795360803604126
185,2.625537633895874,1.7659136056900024
186,2.687925338745117,1.853203535079956
187,2.6260297298431396,1.7802774906158447
188,2.7805473804473877,1.8123129606246948
189,2.652757406234741,1.824331283569336
190,2.6793344020843506,1.7878170013427734
191,2.7077620029449463,1.9189256429672241
192,2.5713307857513428,1.8389843702316284
193,2.6257402896881104,2.3474323749542236
194,2.6331627368927,2.211806058883667
195,2.659632921218872,1.802051305770874
196,2.656709671020508,1.8951226472854614
197,2.5959060192108154,2.104836940765381
198,2.6606698036193848,1.9832205772399902
199,2.6335055828094482,2.1658127307891846
