epoch,loss,val_loss
0,138.63998413085938,82.07807922363281
1,118.89524841308594,59.10179138183594
2,69.5872573852539,10.47665023803711
3,15.709797859191895,9.295377731323242
4,8.646535873413086,5.721543312072754
5,5.02569580078125,2.912731885910034
6,4.6696391105651855,3.2130441665649414
7,4.041459560394287,2.6595189571380615
8,3.6273410320281982,2.4858410358428955
9,3.534266948699951,2.6501190662384033
10,3.7416281700134277,2.4624619483947754
11,3.4469804763793945,2.6293554306030273
12,4.209115028381348,2.7457163333892822
13,3.605593681335449,2.568504810333252
14,3.2832205295562744,2.3774588108062744
15,3.251443862915039,2.3784029483795166
16,3.234644889831543,2.1835389137268066
17,2.9620859622955322,2.483184337615967
18,3.477919340133667,2.5882375240325928
19,3.7002358436584473,2.3139760494232178
20,3.0874178409576416,2.2477290630340576
21,3.1611578464508057,2.221050500869751
22,3.08528208732605,2.2550668716430664
23,2.91121768951416,2.3004562854766846
24,2.9801130294799805,2.182138681411743
25,2.825758218765259,2.0918593406677246
26,3.0621440410614014,2.319702386856079
27,2.9133293628692627,2.229767084121704
28,2.796276330947876,2.214691638946533
29,2.8243091106414795,2.1550674438476562
30,2.5892744064331055,1.944104790687561
31,2.6963765621185303,2.0261406898498535
32,2.7565677165985107,1.970611333847046
33,2.60638165473938,1.9226624965667725
34,2.5037403106689453,2.142077684402466
35,3.1458089351654053,2.1577305793762207
36,3.058297634124756,2.068342685699463
37,2.7464568614959717,1.9546386003494263
38,2.743820905685425,1.9156421422958374
39,2.813319444656372,1.9843581914901733
40,2.869011878967285,2.4356143474578857
41,3.0631253719329834,1.9138548374176025
42,2.5842647552490234,1.9012885093688965
43,2.5614593029022217,1.900930643081665
44,2.5100913047790527,1.9062142372131348
45,2.5272133350372314,2.0174620151519775
46,2.6198391914367676,1.8775721788406372
47,2.5504953861236572,1.8828952312469482
48,2.7755868434906006,1.9518742561340332
49,2.664027690887451,1.854348063468933
50,2.4931671619415283,1.9018267393112183
51,2.5225741863250732,2.128612995147705
52,2.4858951568603516,1.8574398756027222
53,2.466074228286743,2.0810563564300537
54,2.828897476196289,2.0570075511932373
55,2.6988165378570557,1.820380449295044
56,2.601357936859131,1.839016318321228
57,2.702592611312866,2.057108163833618
58,2.8994486331939697,1.964403510093689
59,2.7339823246002197,1.9344947338104248
60,2.6225242614746094,1.8730334043502808
61,2.6481893062591553,2.90970516204834
62,3.439088821411133,2.211024522781372
63,3.368290662765503,1.8712841272354126
64,3.281456232070923,2.2478158473968506
65,2.9684581756591797,2.3269577026367188
66,3.2057697772979736,1.8350505828857422
67,2.8452768325805664,2.112251043319702
68,2.9364383220672607,2.2169220447540283
69,2.842679500579834,2.3797976970672607
70,2.9485116004943848,2.5780906677246094
71,3.07794189453125,1.9796677827835083
72,3.0011088848114014,2.028674364089966
73,2.921083688735962,1.8465148210525513
74,2.5927610397338867,1.83121657371521
75,2.4312334060668945,1.8312700986862183
76,2.5588538646698,1.8743335008621216
77,2.7036800384521484,2.191028594970703
78,2.9090757369995117,1.8940868377685547
79,2.9030191898345947,2.1937942504882812
80,2.9584243297576904,1.9865425825119019
81,2.677734375,1.85715913772583
82,2.5468082427978516,1.8327120542526245
83,2.5140764713287354,1.8324477672576904
84,2.497911214828491,1.8675650358200073
85,2.4912192821502686,1.987286925315857
86,2.662184238433838,1.842909574508667
87,2.4742085933685303,1.867282509803772
88,2.425382614135742,1.9563614130020142
89,2.4956369400024414,1.837976336479187
90,2.534534454345703,1.8581324815750122
91,2.487614631652832,1.8396159410476685
92,2.4832799434661865,1.89131760597229
93,2.5339088439941406,1.864560604095459
94,2.6191415786743164,1.8283640146255493
95,2.451967239379883,1.8326407670974731
96,2.393993854522705,2.4526686668395996
97,2.5895285606384277,2.5587759017944336
98,2.6795427799224854,1.8290430307388306
99,2.631671190261841,1.8390072584152222
100,2.644397735595703,2.0107738971710205
101,2.602090358734131,1.9104390144348145
102,2.5051522254943848,1.903491497039795
103,2.9069631099700928,1.8082425594329834
104,3.1462199687957764,2.71525239944458
105,3.545827627182007,1.9464173316955566
106,3.4373373985290527,2.2569692134857178
107,3.197986364364624,2.127707004547119
108,3.129674196243286,1.8424155712127686
109,2.7227609157562256,2.7872064113616943
110,3.2315564155578613,2.4739842414855957
111,2.992335081100464,1.8440433740615845
112,2.589522123336792,1.8511537313461304
113,2.567730665206909,1.8545219898223877
114,2.564300537109375,1.8293434381484985
115,2.4610888957977295,1.8035252094268799
116,2.545327663421631,1.9502171277999878
117,2.798832654953003,1.8644843101501465
118,2.6948609352111816,1.8102447986602783
119,2.547091484069824,2.054889678955078
120,2.720662832260132,1.9490909576416016
121,2.6863033771514893,2.043658971786499
122,2.834542751312256,1.8498001098632812
123,2.629897356033325,1.9708765745162964
124,2.6897149085998535,2.0463316440582275
125,2.4996464252471924,1.8287385702133179
126,2.4036741256713867,1.8334338665008545
127,2.40344500541687,1.8361382484436035
128,2.5624828338623047,2.3044209480285645
129,2.805178642272949,2.0286803245544434
130,2.999779224395752,1.8351962566375732
131,2.716507911682129,2.1722636222839355
132,2.7752015590667725,1.8222181797027588
133,2.5769169330596924,1.972446322441101
134,2.677021026611328,2.1858763694763184
135,2.9334497451782227,2.0583624839782715
136,2.721447706222534,1.8135077953338623
137,2.543731927871704,2.3766016960144043
138,2.6723928451538086,1.897993803024292
139,2.4148378372192383,1.8785145282745361
140,2.3949687480926514,1.8137588500976562
141,2.5133795738220215,1.8559149503707886
142,2.4674363136291504,1.8335331678390503
143,2.539494752883911,2.0570099353790283
144,2.6448540687561035,1.8572182655334473
145,2.5342259407043457,1.8268412351608276
146,2.3960299491882324,1.8854148387908936
147,2.5213773250579834,2.059612989425659
148,2.657047748565674,2.0600216388702393
149,2.72310209274292,1.9451775550842285
150,2.5780205726623535,1.8250751495361328
151,2.546388864517212,1.8974394798278809
152,2.425051212310791,2.212231397628784
153,2.4616949558258057,1.8163797855377197
154,2.40348744392395,2.098069906234741
155,2.6138477325439453,2.0708892345428467
156,2.4463326930999756,1.933042287826538
157,2.4682750701904297,1.9707300662994385
158,2.5859053134918213,1.9787014722824097
159,2.5049240589141846,2.091264247894287
160,2.684199094772339,2.0155861377716064
161,2.4924888610839844,1.818163514137268
162,2.474261522293091,2.077908992767334
163,2.8386754989624023,1.90077543258667
164,2.5976343154907227,1.8323891162872314
165,2.4846718311309814,1.825323462486267
166,2.492936372756958,1.8494549989700317
167,2.411808729171753,1.8776130676269531
168,2.41155743598938,2.0854439735412598
169,2.5452566146850586,1.8340154886245728
170,2.897822141647339,1.8085678815841675
171,2.512552261352539,1.8689541816711426
172,2.572136640548706,1.931963324546814
173,2.7898571491241455,1.8398396968841553
174,2.7412173748016357,1.8314470052719116
175,2.4375157356262207,1.8687057495117188
176,2.8479905128479004,1.818979024887085
177,2.4196345806121826,1.8644802570343018
178,2.511780023574829,1.8224008083343506
179,2.4161534309387207,1.8747750520706177
180,2.6729557514190674,1.8308032751083374
181,2.483255386352539,1.8297964334487915
182,2.422558307647705,1.8727883100509644
183,2.400022268295288,2.0040934085845947
184,2.5704917907714844,1.8378032445907593
185,2.447671890258789,1.9691625833511353
186,2.639658212661743,1.98226797580719
187,2.64581561088562,1.9843367338180542
188,2.6540780067443848,1.9144766330718994
189,2.5953519344329834,1.9791518449783325
190,2.692838191986084,2.2556824684143066
191,3.2152090072631836,1.8508055210113525
192,2.8245697021484375,1.8096696138381958
193,2.756634473800659,2.0180959701538086
194,2.6661527156829834,1.9297213554382324
195,2.4829466342926025,1.8227981328964233
196,2.418743133544922,2.146791934967041
197,2.8313088417053223,2.162543773651123
198,2.9527459144592285,1.807004690170288
199,2.5272305011749268,1.8187180757522583
