epoch,loss,val_loss
0,2.6555564403533936,1.8024770021438599
1,2.590031862258911,1.8327757120132446
2,2.6264150142669678,1.8105138540267944
3,2.537102222442627,1.8121631145477295
4,2.5875823497772217,1.7878175973892212
5,2.584707736968994,1.8239727020263672
6,2.6075329780578613,1.7955471277236938
7,2.545524835586548,1.9292817115783691
8,2.6428401470184326,1.8019976615905762
9,2.559924602508545,1.8921910524368286
10,2.579908609390259,1.8892691135406494
11,2.5272421836853027,2.0653765201568604
12,2.5507049560546875,1.7865456342697144
13,2.7047996520996094,1.9838749170303345
14,2.66182804107666,1.8191142082214355
15,2.631883382797241,1.8696403503417969
16,2.5847339630126953,1.7971417903900146
17,2.6398661136627197,2.58274507522583
18,2.7644193172454834,1.8208448886871338
19,2.5966796875,1.782524585723877
20,2.6481716632843018,1.8478442430496216
21,2.6114842891693115,2.0653369426727295
22,2.6323904991149902,2.0836400985717773
23,2.5603415966033936,1.9673813581466675
24,2.5810277462005615,1.9982068538665771
25,2.5822865962982178,1.7834848165512085
26,2.604745388031006,1.8910210132598877
27,2.558009386062622,1.824367642402649
28,2.6274654865264893,2.0533156394958496
29,2.6181654930114746,1.9298559427261353
30,2.5920209884643555,1.8431472778320312
31,2.645181179046631,1.8026230335235596
32,2.5968639850616455,2.0139095783233643
33,2.5935089588165283,1.784696102142334
34,2.569685935974121,1.7840282917022705
35,2.6241931915283203,1.9372315406799316
36,2.5714128017425537,1.7819931507110596
37,2.588592767715454,1.8084553480148315
38,2.597350597381592,1.9495103359222412
39,2.5453648567199707,1.7798902988433838
40,2.597750186920166,1.7908546924591064
41,2.6055634021759033,1.817566156387329
42,2.589128017425537,2.1665470600128174
43,2.732956886291504,1.798157811164856
44,2.700509548187256,1.7782641649246216
45,2.6115126609802246,2.0813779830932617
46,2.5956389904022217,1.7775760889053345
47,2.5881834030151367,1.8919271230697632
48,2.518148899078369,2.3379580974578857
49,2.582345724105835,1.8703275918960571
50,2.591432809829712,1.8044110536575317
51,2.592133045196533,1.8050954341888428
52,2.590343475341797,1.7832865715026855
53,2.6031057834625244,1.8669942617416382
54,2.6270313262939453,1.8605324029922485
55,2.565938711166382,1.7944461107254028
56,2.6871869564056396,1.798629641532898
57,2.58575177192688,2.0084807872772217
58,2.5353078842163086,3.222738027572632
59,2.759779214859009,1.7801185846328735
60,2.607103109359741,1.96686851978302
61,2.5661823749542236,1.8987394571304321
62,2.6043519973754883,2.7379415035247803
63,2.6003127098083496,1.8240010738372803
64,2.5712716579437256,2.0013930797576904
65,2.5503830909729004,1.8663885593414307
66,2.571976900100708,1.8318467140197754
67,2.557131052017212,1.854880690574646
68,2.6648104190826416,1.9116789102554321
69,2.5148186683654785,2.1862120628356934
70,2.663947582244873,1.7976584434509277
71,2.6054329872131348,1.8330994844436646
72,2.6567115783691406,1.7950994968414307
73,2.6374881267547607,1.8623820543289185
74,2.579368829727173,1.8508031368255615
75,2.5953869819641113,1.90465247631073
76,2.587343692779541,1.9948070049285889
77,2.6216018199920654,1.7797386646270752
78,2.6152005195617676,1.842387318611145
79,2.5282466411590576,1.8424115180969238
80,2.5778963565826416,1.8707753419876099
81,2.616011142730713,1.8841793537139893
82,2.5916810035705566,1.7981886863708496
83,2.5867199897766113,1.8230973482131958
84,2.6024487018585205,1.786839246749878
85,2.5852434635162354,1.7876527309417725
86,2.586474895477295,1.8031156063079834
87,2.647049903869629,1.8034340143203735
88,2.610140800476074,1.7933543920516968
89,2.5696816444396973,1.8017266988754272
90,2.582230567932129,1.8538564443588257
91,2.6370601654052734,1.7942439317703247
92,2.6265206336975098,2.301703929901123
93,2.579050064086914,1.8683773279190063
94,2.6055777072906494,1.8389984369277954
95,2.56619930267334,1.8099251985549927
96,2.60614275932312,1.9636998176574707
97,2.5896499156951904,1.8949373960494995
98,2.5827369689941406,1.9628037214279175
99,2.6746041774749756,1.8701905012130737
100,2.555049419403076,1.8988077640533447
101,2.5875327587127686,1.8533687591552734
102,2.602139711380005,1.7918546199798584
103,2.6401705741882324,1.8109959363937378
104,2.6675636768341064,1.7856248617172241
105,2.612785816192627,1.8896785974502563
106,2.593660831451416,2.4453744888305664
107,2.578695297241211,1.7802437543869019
108,2.580686569213867,1.899379014968872
109,2.587771415710449,1.9583474397659302
110,2.5682640075683594,2.1147074699401855
111,2.6406970024108887,2.242872476577759
112,2.5778894424438477,1.8453724384307861
113,2.5733165740966797,1.910922646522522
114,2.610133171081543,1.810274362564087
115,2.565300941467285,1.785176157951355
116,2.5905258655548096,1.7806568145751953
117,2.611677408218384,1.9364697933197021
118,2.6070847511291504,1.8234468698501587
119,2.5360355377197266,1.8038792610168457
120,2.6109492778778076,2.0603268146514893
121,2.5516340732574463,1.9294867515563965
122,2.5402166843414307,1.8337842226028442
123,2.617967367172241,1.8544631004333496
124,2.567020893096924,1.852599024772644
125,2.6050806045532227,1.8801591396331787
126,2.656552314758301,1.7939397096633911
127,2.6425302028656006,2.2035746574401855
128,2.570873498916626,1.9585436582565308
129,2.594074010848999,2.011014223098755
130,2.5640249252319336,1.8336787223815918
131,2.595499277114868,1.7878538370132446
132,2.6030995845794678,2.14214825630188
133,2.5819954872131348,1.8655059337615967
134,2.6103267669677734,2.0720181465148926
135,2.615267515182495,1.9821369647979736
136,2.549203872680664,1.8040851354599
137,2.5666871070861816,1.8501118421554565
138,2.607260227203369,1.9349778890609741
139,2.5192325115203857,1.8646786212921143
140,2.562314510345459,1.8174278736114502
141,2.493995428085327,1.7853695154190063
142,2.623656749725342,1.809831142425537
143,2.599543333053589,1.910610556602478
144,2.6296567916870117,1.826785922050476
145,2.627082109451294,1.9959505796432495
146,2.6696529388427734,1.9104971885681152
147,2.563891887664795,1.887121558189392
148,2.6329233646392822,1.9190632104873657
149,2.6539437770843506,1.8436532020568848
150,2.695291757583618,2.0979411602020264
151,2.590446710586548,1.7790064811706543
152,2.601034164428711,1.8574397563934326
153,2.559370279312134,2.0363471508026123
154,2.607558012008667,1.890221118927002
155,2.58323335647583,1.8011696338653564
156,2.560964345932007,2.2771809101104736
157,2.609950542449951,1.8114421367645264
158,2.5938291549682617,1.9547226428985596
159,2.5694844722747803,2.0015475749969482
160,2.623870849609375,1.8382130861282349
161,2.57900071144104,1.8674736022949219
162,2.6032698154449463,1.802030324935913
163,2.6671814918518066,1.8440206050872803
164,2.5946848392486572,1.7979512214660645
165,2.6430673599243164,1.925316572189331
166,2.5824105739593506,1.9126814603805542
167,2.576523780822754,2.4209365844726562
168,2.6003260612487793,2.05045223236084
169,2.5948309898376465,1.9011069536209106
170,2.5399022102355957,1.8427008390426636
171,2.5990214347839355,1.7880257368087769
172,2.577590227127075,2.4922714233398438
173,2.600686550140381,2.0283403396606445
174,2.553393602371216,2.128575086593628
175,2.6096012592315674,1.8376789093017578
176,2.6302287578582764,2.3475773334503174
177,2.7269515991210938,2.0368762016296387
178,2.5368716716766357,1.789409875869751
179,2.6403753757476807,1.9901368618011475
180,2.504695415496826,1.8160918951034546
181,2.617741584777832,1.871490478515625
182,2.578911304473877,1.8289458751678467
183,2.6900711059570312,2.3140244483947754
184,2.580264091491699,1.8097803592681885
185,2.570256233215332,2.0500876903533936
186,2.5972237586975098,1.777910828590393
187,2.6353700160980225,1.7911418676376343
188,2.62471342086792,1.8606584072113037
189,2.6200380325317383,2.078632116317749
190,2.569960117340088,1.8794593811035156
191,2.6432812213897705,1.7815135717391968
192,2.6014204025268555,1.9484751224517822
193,2.6465680599212646,1.7901427745819092
194,2.591150999069214,1.9168871641159058
195,2.598994493484497,1.787361741065979
196,2.620565891265869,1.811578631401062
197,2.551299571990967,1.8324817419052124
198,2.5966992378234863,1.823027491569519
199,2.5309975147247314,1.8409487009048462
