epoch,loss,val_loss
0,2.406698226928711,1.8300774097442627
1,2.5281174182891846,1.939716100692749
2,2.4141292572021484,1.8481009006500244
3,2.396623134613037,1.9178547859191895
4,2.4698076248168945,1.9028829336166382
5,2.4904589653015137,1.9650216102600098
6,2.552065134048462,2.072185516357422
7,2.7765939235687256,2.134272813796997
8,2.7529563903808594,2.1140565872192383
9,2.654672145843506,1.854565978050232
10,2.478224039077759,1.8386856317520142
11,2.6356847286224365,1.8665224313735962
12,2.5779294967651367,1.915682077407837
13,2.6269235610961914,2.5138356685638428
14,3.35947585105896,2.3351807594299316
15,3.5857362747192383,1.8771470785140991
16,2.752713441848755,2.1303887367248535
17,3.093095541000366,2.212376117706299
18,3.2426557540893555,1.841496229171753
19,2.5337977409362793,2.1190390586853027
20,2.8981258869171143,2.10577654838562
21,2.9357645511627197,2.057978630065918
22,2.675050973892212,1.8408905267715454
23,2.445937395095825,1.887307047843933
24,2.5617523193359375,2.0733864307403564
25,2.571399688720703,1.8927632570266724
26,2.4395217895507812,1.8753149509429932
27,2.4071152210235596,2.110241413116455
28,2.548954963684082,1.8779021501541138
29,2.4173200130462646,1.8383897542953491
30,2.405275583267212,1.8230750560760498
31,2.453629732131958,1.8147903680801392
32,2.4426653385162354,1.8120712041854858
33,2.421032428741455,1.8601576089859009
34,2.4280359745025635,1.8651559352874756
35,2.4186105728149414,2.1026723384857178
36,3.047779083251953,2.868466377258301
37,3.3646748065948486,2.0694990158081055
38,2.741442918777466,1.8086893558502197
39,2.497205972671509,1.8048210144042969
40,2.4940617084503174,1.821688175201416
41,2.4460294246673584,2.094388484954834
42,2.558250665664673,1.9286692142486572
43,2.4024546146392822,1.8640601634979248
44,2.436600923538208,1.9424465894699097
45,2.4768002033233643,1.9379585981369019
46,2.525059461593628,1.8454231023788452
47,2.550814151763916,1.8118261098861694
48,2.6183252334594727,2.0982160568237305
49,2.5645816326141357,1.8203188180923462
50,2.5416548252105713,2.2369422912597656
51,2.7829160690307617,1.9471243619918823
52,2.5824663639068604,1.8760422468185425
53,2.515587091445923,1.96279776096344
54,2.8772566318511963,1.8628627061843872
55,2.4756035804748535,1.91671621799469
56,2.4698901176452637,1.936545729637146
57,2.4979143142700195,2.013723850250244
58,2.606292486190796,1.874121069908142
59,2.5554311275482178,1.984424114227295
60,2.5727057456970215,2.0511727333068848
61,3.116192579269409,2.2025184631347656
62,2.667450189590454,2.0615413188934326
63,2.873025417327881,1.9965853691101074
64,2.522056818008423,1.910218358039856
65,2.514857530593872,1.8521910905838013
66,2.444866180419922,1.9231359958648682
67,2.6314992904663086,2.058283567428589
68,3.1104393005371094,1.900985598564148
69,2.4489340782165527,2.0768206119537354
70,2.8460593223571777,1.872254490852356
71,2.5720086097717285,1.92898428440094
72,2.4783079624176025,1.916308045387268
73,2.422086000442505,1.9724504947662354
74,2.4665815830230713,1.830256700515747
75,2.4556684494018555,1.9409403800964355
76,2.3880414962768555,1.8165247440338135
77,2.3909685611724854,1.8109444379806519
78,2.4355220794677734,1.934631109237671
79,2.486276388168335,1.8535155057907104
80,2.4028913974761963,2.0810041427612305
81,2.4744935035705566,2.119967460632324
82,2.4060893058776855,1.8864516019821167
83,2.419296979904175,1.8758996725082397
84,2.3707568645477295,1.8444243669509888
85,2.4513368606567383,1.8889409303665161
86,2.4843711853027344,1.91744863986969
87,2.4247608184814453,2.013491153717041
88,2.5253024101257324,2.032958507537842
89,2.7396957874298096,1.9807614088058472
90,2.5742270946502686,1.7767928838729858
91,2.487590789794922,1.7786800861358643
92,2.4738242626190186,1.8143993616104126
93,2.421832323074341,1.9688113927841187
94,2.6066412925720215,1.8251392841339111
95,2.4877984523773193,2.0360445976257324
96,2.6387269496917725,2.1423985958099365
97,2.892704725265503,2.219909429550171
98,3.231745481491089,1.8621970415115356
99,2.566376209259033,2.1993000507354736
100,3.0236551761627197,2.6075329780578613
101,3.304485559463501,2.294999122619629
102,3.7495555877685547,2.0101425647735596
103,2.5348641872406006,1.857577919960022
104,2.4057791233062744,1.922934651374817
105,2.3905153274536133,1.9871388673782349
106,2.405543804168701,1.9672759771347046
107,2.4229917526245117,1.9703269004821777
108,2.461782693862915,1.848020315170288
109,2.536541700363159,2.3767194747924805
110,2.9118492603302,2.2172982692718506
111,2.8721625804901123,2.0630338191986084
112,2.708792209625244,1.9859565496444702
113,2.4523539543151855,1.8652431964874268
114,2.452833414077759,2.0653650760650635
115,2.499001979827881,2.509129285812378
116,2.675781726837158,2.035053014755249
117,3.0053770542144775,2.2059311866760254
118,2.892725944519043,2.0302538871765137
119,2.5381712913513184,1.8071831464767456
120,2.4391348361968994,1.9242807626724243
121,2.475001096725464,1.9482944011688232
122,2.4981205463409424,1.9313331842422485
123,2.5199623107910156,1.9082329273223877
124,2.6814255714416504,2.0906803607940674
125,2.694650650024414,2.021360158920288
126,2.5686933994293213,1.9368209838867188
127,2.558176040649414,2.0403800010681152
128,2.568028450012207,2.087808847427368
129,2.546257972717285,1.950536847114563
130,2.3951847553253174,2.0769834518432617
131,2.43294095993042,2.009331703186035
132,2.513674259185791,2.0516021251678467
133,2.429295778274536,1.923181176185608
134,2.476654529571533,2.043841600418091
135,2.868128776550293,2.0779199600219727
136,2.5560555458068848,1.897512435913086
137,2.548757553100586,1.8702582120895386
138,2.4702084064483643,1.8421186208724976
139,2.4835686683654785,1.8549467325210571
140,2.375109910964966,1.8932533264160156
141,2.510881185531616,1.9635728597640991
142,2.4360313415527344,1.8632575273513794
143,2.420689105987549,1.8800151348114014
144,2.516317129135132,2.0859053134918213
145,2.718899965286255,1.902543544769287
146,2.478445053100586,1.8307325839996338
147,2.3901796340942383,1.9336345195770264
148,2.39328670501709,1.8417630195617676
149,2.4062838554382324,1.8328050374984741
150,2.3948159217834473,1.8251832723617554
151,2.3595972061157227,1.9192873239517212
152,2.4362804889678955,1.8245511054992676
153,2.39851713180542,1.9585820436477661
154,2.544090509414673,2.0162835121154785
155,2.4755032062530518,2.0333077907562256
156,2.7095835208892822,2.165280818939209
157,2.774198055267334,2.6224091053009033
158,3.4555935859680176,2.514244556427002
159,3.5982859134674072,2.221292734146118
160,3.1154568195343018,2.058896064758301
161,3.1012115478515625,1.9283058643341064
162,2.496385335922241,1.903644323348999
163,2.4908130168914795,1.905234932899475
164,2.400789737701416,1.9747545719146729
165,2.558270215988159,2.130323648452759
166,2.505657434463501,1.9398072957992554
167,2.39009428024292,1.9255739450454712
168,2.3795206546783447,1.8789798021316528
169,2.4140143394470215,2.255305528640747
170,3.0554497241973877,1.834631085395813
171,2.3913590908050537,1.8662097454071045
172,2.5069496631622314,1.870186448097229
173,2.4039645195007324,1.83867609500885
174,2.408252477645874,1.8186841011047363
175,2.489739418029785,1.9949990510940552
176,2.4531965255737305,1.9356424808502197
177,2.5799598693847656,2.0135080814361572
178,2.4875564575195312,1.8303515911102295
179,2.4914588928222656,1.9191324710845947
180,2.6925301551818848,2.163642406463623
181,3.2544806003570557,2.446943998336792
182,3.9276633262634277,1.7892249822616577
183,2.901962995529175,1.8072179555892944
184,2.5977671146392822,1.8295098543167114
185,2.4726850986480713,1.8694837093353271
186,2.4307096004486084,2.1717042922973633
187,2.6414363384246826,1.9576008319854736
188,2.6120734214782715,1.8920958042144775
189,2.480067014694214,1.8152676820755005
190,2.480241060256958,2.085134983062744
191,2.7885468006134033,2.7253994941711426
192,3.9538140296936035,2.414386034011841
193,4.332799434661865,1.8637492656707764
194,3.1121668815612793,1.8201156854629517
195,3.0713894367218018,1.861388087272644
196,2.9146742820739746,1.8595538139343262
197,2.9538187980651855,1.8820616006851196
198,2.705622911453247,1.949097990989685
199,2.6138968467712402,1.8668491840362549
