epoch,loss,val_loss
0,5.4706130027771,3.716935157775879
1,4.861177444458008,5.0937418937683105
2,4.834654331207275,3.4188549518585205
3,5.293241500854492,3.97037935256958
4,4.889403343200684,3.7538177967071533
5,4.7909064292907715,2.755066394805908
6,4.711187362670898,2.503485679626465
7,4.477941036224365,2.4089858531951904
8,4.428326606750488,2.552903652191162
9,4.31146240234375,2.803662061691284
10,4.564557075500488,2.8403024673461914
11,4.127102375030518,3.009385824203491
12,4.252801895141602,2.3761067390441895
13,3.698453664779663,2.307584524154663
14,4.3549933433532715,2.489546298980713
15,4.031894683837891,2.671870708465576
16,4.084501266479492,3.15301513671875
17,3.6221723556518555,3.2816879749298096
18,3.7033488750457764,2.2957923412323
19,3.8502180576324463,2.239912509918213
20,3.671067714691162,2.74967622756958
21,3.571770191192627,2.168538808822632
22,3.4272098541259766,2.3610382080078125
23,3.3685030937194824,1.9386786222457886
24,3.6320106983184814,1.8744568824768066
25,3.2463581562042236,1.9442577362060547
26,3.138429880142212,3.1774282455444336
27,3.297663450241089,1.9805827140808105
28,3.0510337352752686,2.582629919052124
29,3.1811275482177734,1.8419193029403687
30,3.1299149990081787,3.0806212425231934
31,3.256319284439087,1.9779998064041138
32,3.1449241638183594,1.8218884468078613
33,3.078401803970337,1.8506702184677124
34,3.2286717891693115,1.9029240608215332
35,3.0548245906829834,1.8672782182693481
36,2.8240365982055664,1.8782143592834473
37,3.0526623725891113,3.045977830886841
38,3.1210153102874756,3.4698634147644043
39,3.0007448196411133,2.2809152603149414
40,3.0541040897369385,1.8336331844329834
41,3.0362708568573,1.9204308986663818
42,2.939467430114746,2.6800904273986816
43,3.041841983795166,3.1155343055725098
44,2.9863269329071045,1.9222289323806763
45,2.828237771987915,2.174164295196533
46,2.8709607124328613,1.9425437450408936
47,2.9626259803771973,2.1330649852752686
48,2.7608137130737305,1.8241621255874634
49,2.929745674133301,2.2221081256866455
50,2.841334581375122,2.0419867038726807
51,2.88848614692688,1.927351713180542
52,2.9230403900146484,3.1794729232788086
53,2.796692371368408,1.9788013696670532
54,2.913090467453003,2.1763341426849365
55,2.833430528640747,1.9261661767959595
56,2.924743175506592,1.823785662651062
57,2.8541789054870605,2.8278605937957764
58,2.8762683868408203,1.9511419534683228
59,2.8225674629211426,2.0439507961273193
60,2.757652997970581,2.274928331375122
61,2.9724011421203613,2.0062053203582764
62,2.982804775238037,1.7845089435577393
63,2.991941452026367,2.085026741027832
64,2.867609977722168,1.8110287189483643
65,2.7259137630462646,1.7733510732650757
66,2.7188923358917236,2.287490129470825
67,2.7705368995666504,1.7722162008285522
68,2.8810231685638428,1.8103762865066528
69,2.8535401821136475,1.8728184700012207
70,2.7572286128997803,1.9447356462478638
71,2.727247714996338,1.7696349620819092
72,2.763159990310669,1.8294978141784668
73,2.7690114974975586,1.9592750072479248
74,2.794353723526001,2.3415334224700928
75,2.8084938526153564,1.9939663410186768
76,2.7234573364257812,1.9293299913406372
77,2.7627387046813965,1.7709330320358276
78,2.8978383541107178,1.9044121503829956
79,2.8814210891723633,1.828507661819458
80,2.762080192565918,1.8722578287124634
81,2.914485216140747,1.7714790105819702
82,2.763988494873047,1.7965185642242432
83,2.804624080657959,1.8957630395889282
84,2.8117501735687256,1.8736759424209595
85,2.7254247665405273,1.9714268445968628
86,2.832956075668335,2.0397706031799316
87,2.789412021636963,1.833603024482727
88,2.6637799739837646,1.828893780708313
89,2.76092529296875,1.9628195762634277
90,2.6501874923706055,2.139582633972168
91,2.784268856048584,1.7979233264923096
92,2.802178144454956,2.0255143642425537
93,2.741720199584961,1.7675188779830933
94,2.7517614364624023,1.9390500783920288
95,2.839229106903076,1.9702980518341064
96,2.7011678218841553,1.8315441608428955
97,2.7842495441436768,1.9919489622116089
98,2.7543864250183105,1.8176029920578003
99,2.784773826599121,1.7915581464767456
100,2.8671772480010986,2.456040143966675
101,2.8730599880218506,1.9528435468673706
102,2.9334256649017334,1.826605200767517
103,2.7526135444641113,1.8531031608581543
104,2.7133822441101074,2.173919439315796
105,2.8295013904571533,1.77186119556427
106,2.896090507507324,1.8583667278289795
107,2.6979751586914062,2.816101551055908
108,2.761021852493286,2.364239454269409
109,2.7480664253234863,1.7983187437057495
110,2.8063950538635254,1.9292536973953247
111,2.876102924346924,1.9179532527923584
112,2.676682710647583,1.996952772140503
113,2.7637503147125244,1.8647364377975464
114,2.7166478633880615,2.1401264667510986
115,2.79817533493042,1.8834478855133057
116,2.8612964153289795,2.827723741531372
117,2.694786310195923,1.7925580739974976
118,2.7713708877563477,1.927164077758789
119,2.735391855239868,1.789724349975586
120,2.927028179168701,2.2480616569519043
121,2.7722902297973633,1.807727336883545
122,2.794238567352295,2.337779998779297
123,2.6810061931610107,2.039503812789917
124,2.889116048812866,1.8268845081329346
125,2.7148025035858154,1.7786365747451782
126,2.936523675918579,2.1209352016448975
127,2.742955207824707,2.35876727104187
128,2.7813925743103027,1.9872220754623413
129,2.9227304458618164,2.109957218170166
130,2.7375080585479736,2.216404676437378
131,2.884230375289917,1.7894161939620972
132,2.7163968086242676,1.7785303592681885
133,2.6890904903411865,2.0623843669891357
134,2.8423376083374023,3.095060110092163
135,2.793177366256714,1.7733772993087769
136,2.8182129859924316,2.127389430999756
137,2.7655606269836426,2.1405789852142334
138,2.774758815765381,1.7729754447937012
139,2.7803826332092285,2.30871319770813
140,2.759556531906128,1.7714781761169434
141,2.78773832321167,1.8042449951171875
142,2.7581734657287598,2.6584296226501465
143,2.7977168560028076,1.9904190301895142
144,2.8077259063720703,1.7780969142913818
145,2.7873342037200928,1.8807673454284668
146,2.7898950576782227,1.9337100982666016
147,2.8255748748779297,1.8123360872268677
148,2.855849504470825,1.8463656902313232
149,2.634694814682007,2.0409796237945557
150,2.8399288654327393,1.7746185064315796
151,2.735185146331787,2.252135753631592
152,2.789799928665161,1.8585578203201294
153,2.7490057945251465,1.8529860973358154
154,2.6688332557678223,2.145383596420288
155,2.8806464672088623,1.9748705625534058
156,2.7800142765045166,1.926611065864563
157,2.7793068885803223,2.676445960998535
158,2.790473699569702,1.8869723081588745
159,2.8123300075531006,1.8853002786636353
160,2.7305335998535156,1.8283442258834839
161,2.874366521835327,1.936581015586853
162,2.7975285053253174,1.7807756662368774
163,2.8727023601531982,2.3224828243255615
164,2.7216854095458984,1.9582751989364624
165,2.7822678089141846,2.096543073654175
166,2.8199028968811035,2.1248860359191895
167,2.696532726287842,2.6605563163757324
168,2.851011276245117,3.057051181793213
169,2.748824119567871,1.8294650316238403
170,2.7694602012634277,1.8138459920883179
171,2.818795680999756,1.7880668640136719
172,2.816051483154297,1.8533719778060913
173,2.7515602111816406,2.4618189334869385
174,2.9115726947784424,1.9766216278076172
175,2.8852808475494385,1.838861346244812
176,2.72806978225708,2.1215219497680664
177,2.7259418964385986,2.0279593467712402
178,2.7016005516052246,1.8677151203155518
179,2.8920602798461914,3.619180202484131
180,2.695444345474243,1.8272448778152466
181,2.806382417678833,1.9345834255218506
182,2.59875226020813,1.8718971014022827
183,2.694633722305298,2.4255635738372803
184,2.7449305057525635,1.8467295169830322
185,2.8314647674560547,2.17973256111145
186,2.7345283031463623,1.8794509172439575
187,2.710744619369507,2.003457546234131
188,2.7470340728759766,1.7858326435089111
189,2.790841579437256,2.0828053951263428
190,2.7465667724609375,1.8074965476989746
191,2.8893239498138428,2.0329720973968506
192,2.7814371585845947,1.8023093938827515
193,2.7039341926574707,2.190058946609497
194,2.8031487464904785,1.8270857334136963
195,2.7668893337249756,2.2675817012786865
196,2.7925872802734375,2.2678472995758057
197,2.658390760421753,1.7966656684875488
198,2.795412063598633,1.9083634614944458
199,2.7218871116638184,1.8146882057189941
