epoch,loss,val_loss
0,2.6597743034362793,1.8364096879959106
1,2.717975616455078,2.0532209873199463
2,2.6771974563598633,1.9832870960235596
3,2.606809377670288,1.8083477020263672
4,2.6091010570526123,1.9575581550598145
5,2.821349859237671,2.2691376209259033
6,2.7396249771118164,1.9435007572174072
7,2.664782762527466,1.9583814144134521
8,2.643812894821167,1.9734175205230713
9,2.6655781269073486,1.9667341709136963
10,2.679748058319092,1.8202648162841797
11,2.6309430599212646,1.8727569580078125
12,2.611100435256958,1.8376061916351318
13,2.6285619735717773,1.7707104682922363
14,2.7048707008361816,1.8522441387176514
15,2.6383678913116455,1.7803233861923218
16,6.356733322143555,1.8264323472976685
17,2.8664302825927734,1.839359998703003
18,2.7924296855926514,1.8484615087509155
19,2.758026123046875,1.8647819757461548
20,2.7960548400878906,2.8602137565612793
21,2.721592664718628,1.900443434715271
22,2.8109755516052246,1.8928333520889282
23,2.7395694255828857,1.8892555236816406
24,2.7124831676483154,2.3129544258117676
25,2.7348225116729736,1.9865840673446655
26,2.8230035305023193,1.8326606750488281
27,2.6676416397094727,2.019394874572754
28,2.809694766998291,1.8679527044296265
29,2.7268640995025635,1.9705142974853516
30,2.679896831512451,1.782378077507019
31,2.781961441040039,2.555128335952759
32,2.7447428703308105,2.280216932296753
33,2.718811511993408,1.9722081422805786
34,2.622756242752075,1.7928217649459839
35,2.7135214805603027,1.947716236114502
36,2.6512200832366943,1.9188958406448364
37,2.697894811630249,2.731736660003662
38,2.6871416568756104,2.1589415073394775
39,2.6827197074890137,1.7977116107940674
40,2.6728601455688477,1.7696512937545776
41,2.7213294506073,1.8013205528259277
42,2.7264552116394043,1.8098262548446655
43,2.7414462566375732,1.9312578439712524
44,2.6685869693756104,2.046884536743164
45,2.759270191192627,1.917667031288147
46,2.6447155475616455,1.9057750701904297
47,2.643052339553833,1.8274741172790527
48,2.649172067642212,1.7816663980484009
49,2.6495208740234375,1.8705180883407593
50,2.587453842163086,2.4442412853240967
51,2.70357346534729,2.2579498291015625
52,2.6149091720581055,1.852581262588501
53,2.686253309249878,1.832124948501587
54,2.7123522758483887,1.9620474576950073
55,2.6801891326904297,1.9466938972473145
56,2.7352709770202637,1.816644549369812
57,2.667267084121704,1.7863593101501465
58,2.7666454315185547,1.989431619644165
59,2.742642641067505,1.8396345376968384
60,2.669959306716919,2.145061731338501
61,2.626910448074341,2.2103331089019775
62,2.7029600143432617,1.8422856330871582
63,2.68159818649292,1.8445602655410767
64,2.7806243896484375,1.7839550971984863
65,2.881453514099121,1.8838459253311157
66,2.636584997177124,1.8583322763442993
67,2.734992027282715,2.1481986045837402
68,2.5810134410858154,1.779229760169983
69,2.6559126377105713,2.3776724338531494
70,2.629129648208618,1.8319389820098877
71,2.7496111392974854,1.7791510820388794
72,2.6963372230529785,2.477551221847534
73,2.7442572116851807,1.8183013200759888
74,2.6888344287872314,1.9792160987854004
75,2.6344337463378906,1.78676176071167
76,2.70273756980896,1.8613715171813965
77,2.7299041748046875,1.843228816986084
78,2.724482536315918,1.8967156410217285
79,2.720071792602539,2.889397382736206
80,2.634855031967163,1.8832001686096191
81,2.648465633392334,1.9157698154449463
82,2.7157785892486572,1.821906328201294
83,2.665130376815796,2.0827019214630127
84,2.6809630393981934,1.8202577829360962
85,2.6677541732788086,1.8669012784957886
86,2.6541290283203125,2.313509941101074
87,2.6587154865264893,1.775481104850769
88,2.651707172393799,1.7826766967773438
89,2.607332468032837,1.7934088706970215
90,2.6113648414611816,2.114464044570923
91,2.6187727451324463,2.0495476722717285
92,2.691193103790283,1.8257102966308594
93,2.6211342811584473,1.775525450706482
94,2.7585396766662598,1.834913730621338
95,2.5803263187408447,1.9804245233535767
96,2.6188459396362305,1.7918317317962646
97,2.7205069065093994,1.8488261699676514
98,2.6160948276519775,1.782738208770752
99,2.743136167526245,1.7930240631103516
100,2.599846124649048,2.449069023132324
101,2.7042508125305176,1.94462251663208
102,2.658613443374634,1.7969046831130981
103,2.779541254043579,1.8820794820785522
104,2.607250690460205,1.8558900356292725
105,2.6272895336151123,1.7960079908370972
106,2.6908888816833496,1.7780399322509766
107,2.61146879196167,2.065505266189575
108,2.6104400157928467,2.7041471004486084
109,2.6346566677093506,1.7803102731704712
110,2.650083065032959,1.8772233724594116
111,2.6349575519561768,1.9572783708572388
112,2.6657462120056152,2.257473945617676
113,2.6432085037231445,2.348446846008301
114,2.5388612747192383,2.086716413497925
115,2.644338846206665,2.022294759750366
116,2.757289171218872,1.8222237825393677
117,2.6698501110076904,1.8057974576950073
118,2.6444458961486816,2.3847835063934326
119,2.67607045173645,2.024958372116089
120,2.623187780380249,1.8968440294265747
121,2.606125593185425,1.8212320804595947
122,2.645620584487915,1.967927098274231
123,2.796027183532715,1.8597657680511475
124,2.716170310974121,2.0127623081207275
125,2.639385223388672,2.641348361968994
126,2.641201972961426,1.7998884916305542
127,2.6133975982666016,1.778826117515564
128,2.672844409942627,1.8256183862686157
129,2.651001214981079,1.7878392934799194
130,2.6618947982788086,1.9140727519989014
131,2.643332004547119,1.9827399253845215
132,2.672104597091675,1.9400525093078613
133,2.6866891384124756,1.7811099290847778
134,2.628222703933716,1.9249223470687866
135,2.5932164192199707,1.7942872047424316
136,2.624937057495117,2.013392210006714
137,2.5528807640075684,1.8036761283874512
138,2.658811330795288,1.8512734174728394
139,2.5932796001434326,1.790266752243042
140,2.6433870792388916,1.7777458429336548
141,2.684967279434204,1.8876798152923584
142,2.6635608673095703,1.848488450050354
143,2.645390033721924,1.793255090713501
144,2.6129772663116455,1.9999254941940308
145,2.697859525680542,1.7852519750595093
146,2.693643808364868,3.0902645587921143
147,2.635150909423828,1.8824037313461304
148,2.6976892948150635,2.615809917449951
149,2.733522653579712,1.874408483505249
150,2.625652551651001,1.7855936288833618
151,2.589998245239258,1.9811279773712158
152,2.645430088043213,1.8988393545150757
153,2.6505513191223145,1.7827765941619873
154,2.6028060913085938,1.9937522411346436
155,2.657780647277832,1.8550995588302612
156,2.6880736351013184,1.7798817157745361
157,2.664132595062256,1.785176396369934
158,2.570814847946167,2.044076919555664
159,2.604724407196045,1.9734644889831543
160,2.6960971355438232,1.781384825706482
161,2.6740920543670654,1.805504322052002
162,2.6814303398132324,1.9305375814437866
163,2.579073429107666,1.8542370796203613
164,2.702279567718506,1.8124529123306274
165,2.6041839122772217,1.882428526878357
166,2.5921335220336914,1.778921127319336
167,2.630875825881958,1.857331395149231
168,2.6368863582611084,1.80632746219635
169,2.5632565021514893,1.7771776914596558
170,2.566254138946533,1.7861522436141968
171,2.5919735431671143,2.428335666656494
172,2.6246635913848877,1.8377362489700317
173,2.6618707180023193,2.029402256011963
174,2.661505937576294,1.7821537256240845
175,2.567004680633545,1.818633794784546
176,2.6096296310424805,1.8667566776275635
177,2.7241053581237793,1.9638633728027344
178,2.746886730194092,1.7951494455337524
179,2.5865321159362793,1.781073808670044
180,2.6862564086914062,1.777132272720337
181,2.7222602367401123,1.8211047649383545
182,2.6296498775482178,2.013415813446045
183,2.7268903255462646,1.965834379196167
184,2.626546621322632,1.8010904788970947
185,2.5813188552856445,1.9029735326766968
186,2.5844995975494385,1.8020436763763428
187,2.5988972187042236,1.8310160636901855
188,2.620955228805542,1.814305067062378
189,2.679077625274658,1.776579737663269
190,2.654059648513794,1.8924459218978882
191,2.636378288269043,2.1791014671325684
192,2.631746768951416,2.024639368057251
193,2.7511143684387207,1.9420534372329712
194,2.6243553161621094,1.8371341228485107
195,2.5901596546173096,2.068434476852417
196,2.7140681743621826,1.8777905702590942
197,2.6909115314483643,1.7877713441848755
198,2.641280174255371,1.903226613998413
199,2.6170308589935303,1.8021597862243652
