epoch,loss,val_loss
0,2.5873782634735107,1.7909308671951294
1,2.566019058227539,1.7802361249923706
2,2.5489933490753174,1.9451180696487427
3,2.5428993701934814,2.0049874782562256
4,2.573045253753662,1.7653717994689941
5,2.5409653186798096,1.970790147781372
6,2.6150124073028564,2.0254507064819336
7,2.4902234077453613,1.8261198997497559
8,2.710134983062744,10.505023956298828
9,2.648240566253662,1.9188288450241089
10,2.506115674972534,1.808586597442627
11,2.5594396591186523,1.840616226196289
12,2.611604690551758,1.8087482452392578
13,2.4793059825897217,1.8900431394577026
14,2.497133731842041,1.8030539751052856
15,2.551811933517456,1.879639744758606
16,2.539891481399536,1.8372224569320679
17,2.5538196563720703,1.891035795211792
18,2.5989654064178467,1.854806661605835
19,2.647942066192627,1.8146464824676514
20,2.5692951679229736,1.8486549854278564
21,2.5435993671417236,1.8066165447235107
22,2.5364134311676025,1.892341136932373
23,2.4751734733581543,1.8956431150436401
24,2.487119436264038,1.7980750799179077
25,2.6286864280700684,1.8308571577072144
26,2.5421059131622314,1.837847352027893
27,2.5075626373291016,2.051929473876953
28,2.4533298015594482,1.778672695159912
29,2.496598720550537,1.7968599796295166
30,2.464202404022217,2.132563829421997
31,2.596613645553589,2.350668430328369
32,2.5519871711730957,1.964526891708374
33,2.546761989593506,1.9073541164398193
34,2.5340349674224854,1.8139660358428955
35,2.598961114883423,1.8148784637451172
36,2.5218889713287354,1.9360945224761963
37,2.626837730407715,1.8527501821517944
38,2.5284013748168945,1.874745488166809
39,2.5465610027313232,1.8044307231903076
40,2.5213420391082764,1.9747151136398315
41,2.563096523284912,1.779314637184143
42,2.5752995014190674,1.8441702127456665
43,2.5488624572753906,1.8292088508605957
44,2.523088216781616,1.8885555267333984
45,2.612231731414795,1.9098585844039917
46,2.5562632083892822,1.8489214181900024
47,2.5240070819854736,1.8401105403900146
48,2.5347390174865723,1.850305438041687
49,2.5405333042144775,1.9242862462997437
50,2.5231528282165527,1.9649368524551392
51,2.4971396923065186,2.007608652114868
52,2.5454535484313965,1.9062732458114624
53,2.6223928928375244,1.8177590370178223
54,2.572176933288574,1.8779038190841675
55,2.5108349323272705,1.779891848564148
56,2.5680832862854004,1.8685494661331177
57,2.5370242595672607,1.793497085571289
58,2.5563571453094482,1.8736789226531982
59,2.545416831970215,1.903733491897583
60,2.5604708194732666,1.8385250568389893
61,2.521843671798706,1.7870445251464844
62,2.598273277282715,1.9401298761367798
63,2.53446364402771,4.261927604675293
64,2.5216760635375977,1.9874300956726074
65,2.5166738033294678,1.9943015575408936
66,2.498297929763794,1.8643969297409058
67,2.5256173610687256,1.9249616861343384
68,2.5042176246643066,2.0635790824890137
69,2.5045342445373535,1.8496861457824707
70,2.5276663303375244,2.181483030319214
71,2.542130947113037,1.8199797868728638
72,2.557084798812866,1.8224470615386963
73,2.510866641998291,2.6930456161499023
74,2.587989568710327,1.910645604133606
75,2.5045368671417236,1.8745293617248535
76,2.541670083999634,1.979956030845642
77,2.588594913482666,1.8740054368972778
78,2.474949598312378,1.99663245677948
79,2.5315463542938232,2.0479836463928223
80,2.534203290939331,1.8255207538604736
81,2.529322385787964,1.8537341356277466
82,2.5038530826568604,1.7954634428024292
83,2.519674301147461,1.8483628034591675
84,2.488713026046753,1.9702469110488892
85,2.5348520278930664,1.9078199863433838
86,2.493140459060669,2.2438533306121826
87,2.5643630027770996,2.163665294647217
88,2.598762035369873,1.8324240446090698
89,2.4975428581237793,2.5514330863952637
90,2.528610944747925,1.8579281568527222
91,2.5640995502471924,1.8356531858444214
92,2.5101373195648193,1.9267125129699707
93,2.4825069904327393,1.8100337982177734
94,2.527489423751831,1.9613633155822754
95,2.5125796794891357,1.7497215270996094
96,2.509645462036133,1.8449859619140625
97,2.5615854263305664,1.9864249229431152
98,2.5172393321990967,1.886136770248413
99,2.526505947113037,1.819330096244812
100,2.521282196044922,1.810571551322937
101,2.545846462249756,2.1175780296325684
102,2.5954015254974365,1.8305881023406982
103,2.4908785820007324,2.0619542598724365
104,2.512606382369995,2.003382682800293
105,2.531716823577881,1.8303868770599365
106,2.5474088191986084,1.8216010332107544
107,2.5063071250915527,1.7914618253707886
108,2.513601779937744,1.8260501623153687
109,2.543771266937256,1.9030402898788452
110,2.481947422027588,1.8978215456008911
111,2.4858922958374023,1.858024001121521
112,2.5430221557617188,1.9185377359390259
113,2.507359504699707,1.8833692073822021
114,2.516206979751587,2.0543012619018555
115,2.4636974334716797,1.9213461875915527
116,2.4775032997131348,1.8915493488311768
117,2.572021961212158,2.030071973800659
118,2.614128351211548,1.9384504556655884
119,2.499563694000244,1.95533287525177
120,2.493380308151245,1.985859990119934
121,2.4718077182769775,1.8803642988204956
122,2.501101016998291,1.8193756341934204
123,2.5366406440734863,1.7896475791931152
124,2.5450713634490967,1.8039181232452393
125,2.4868204593658447,1.921631932258606
126,2.5473926067352295,1.9336159229278564
127,2.497905969619751,2.0461339950561523
128,2.4989116191864014,1.7944064140319824
129,2.583521604537964,1.8389171361923218
130,2.4767000675201416,1.920794129371643
131,2.5386433601379395,1.8551596403121948
132,2.562147378921509,1.899986743927002
133,2.529008388519287,1.9280563592910767
134,2.499436855316162,1.8569605350494385
135,2.536864757537842,1.856738805770874
136,2.5118515491485596,2.0653231143951416
137,2.4808528423309326,2.198256015777588
138,2.538151741027832,2.020392656326294
139,2.4707956314086914,1.8952749967575073
140,2.542360782623291,1.8608704805374146
141,2.534625768661499,1.7867295742034912
142,2.5194451808929443,1.8250333070755005
143,2.5223793983459473,1.8562793731689453
144,2.53261399269104,1.9511185884475708
145,2.523040771484375,1.9076706171035767
146,2.4689321517944336,1.899928331375122
147,2.485978364944458,1.8227708339691162
148,2.509333372116089,2.982125759124756
149,2.6001532077789307,2.0260391235351562
150,2.5295088291168213,2.045238733291626
151,2.5593137741088867,1.8284580707550049
152,2.4679651260375977,1.9013665914535522
153,2.506075620651245,2.031245708465576
154,2.4764320850372314,1.9073399305343628
155,2.4813425540924072,2.02254319190979
156,2.5081381797790527,1.8439162969589233
157,2.516038656234741,2.0219240188598633
158,2.5281131267547607,2.6628034114837646
159,2.539651393890381,1.8323380947113037
160,2.5432050228118896,1.9299899339675903
161,2.5218653678894043,1.9283089637756348
162,2.5073392391204834,2.1722214221954346
163,2.5017776489257812,1.8799160718917847
164,2.510923147201538,1.8663400411605835
165,2.492845296859741,1.8178248405456543
166,2.4776217937469482,1.8281912803649902
167,2.5397896766662598,1.8923887014389038
168,2.5187509059906006,1.910213828086853
169,2.56208872795105,1.8725146055221558
170,2.5092625617980957,1.804535150527954
171,2.470120668411255,2.148275852203369
172,2.512786626815796,2.209606885910034
173,2.556744337081909,1.8152987957000732
174,2.522644281387329,1.8107342720031738
175,2.4789607524871826,1.9236232042312622
176,2.5100836753845215,1.8809683322906494
177,2.5002901554107666,2.1229248046875
178,2.5690197944641113,1.9285929203033447
179,2.5480546951293945,2.077092170715332
180,2.5059621334075928,2.7029154300689697
181,2.479257106781006,2.2458224296569824
182,2.4955804347991943,1.9232368469238281
183,2.548779249191284,1.860178828239441
184,2.480473041534424,1.8150142431259155
185,2.4894862174987793,1.8711413145065308
186,2.487860918045044,1.8866981267929077
187,2.505401611328125,2.0670363903045654
188,2.498842239379883,2.001110792160034
189,2.4739267826080322,1.8042539358139038
190,2.518486261367798,1.8425151109695435
191,2.497530221939087,1.920242190361023
192,2.4849655628204346,1.8106729984283447
193,2.4897873401641846,1.8490517139434814
194,2.5235979557037354,1.805884599685669
195,2.5426273345947266,1.9851067066192627
196,2.5344433784484863,1.905626654624939
197,2.51576828956604,1.8833355903625488
198,2.4833812713623047,1.9293029308319092
199,2.5284979343414307,1.8673897981643677
200,2.5044305324554443,1.934303641319275
201,2.4710476398468018,2.07700252532959
202,2.5849008560180664,1.9178136587142944
203,2.456827163696289,1.9066731929779053
204,2.5591320991516113,2.9984467029571533
205,2.5263969898223877,1.8951926231384277
206,2.478292226791382,1.9883099794387817
207,2.5224244594573975,1.954646348953247
208,2.501514434814453,1.9562777280807495
209,2.4424421787261963,1.9276169538497925
210,2.487192153930664,1.9379252195358276
211,2.5713493824005127,2.062849760055542
212,2.4553847312927246,1.8736222982406616
213,2.5798447132110596,2.0029547214508057
214,2.572169065475464,1.926162838935852
215,2.5169782638549805,2.6858153343200684
216,2.4906883239746094,2.1508662700653076
217,2.50773549079895,2.6319527626037598
218,2.558131456375122,2.0188097953796387
219,2.5324511528015137,2.122026205062866
220,2.496589422225952,2.200723886489868
221,2.4908254146575928,1.8967080116271973
222,2.5163092613220215,1.90035080909729
223,2.467207193374634,1.9437233209609985
224,2.4813644886016846,2.4034204483032227
225,2.5277915000915527,1.8306080102920532
226,2.5453264713287354,1.8822880983352661
227,2.493661403656006,1.8485357761383057
228,2.518561363220215,1.9344302415847778
229,2.5225989818573,1.894406795501709
230,2.4906673431396484,1.8742613792419434
231,2.5043482780456543,1.8404570817947388
232,2.5646817684173584,1.8736915588378906
233,2.4742074012756348,1.8563674688339233
234,2.4554736614227295,1.8434443473815918
235,2.5375373363494873,1.9265896081924438
236,2.497183084487915,2.1121840476989746
237,2.500844955444336,2.189046621322632
238,2.500387668609619,2.187497854232788
239,2.536271333694458,2.1018571853637695
240,2.474813461303711,2.0716381072998047
241,2.603029489517212,1.852489709854126
242,2.4595839977264404,2.062437057495117
243,2.456282615661621,1.8740028142929077
244,2.490936756134033,1.8411498069763184
245,2.4667112827301025,2.0679972171783447
246,2.471132278442383,1.8285073041915894
247,2.562976837158203,1.8741995096206665
248,2.580197334289551,1.8368890285491943
249,2.5100018978118896,2.2261688709259033
250,2.5480024814605713,2.0626442432403564
251,2.4688472747802734,2.142357587814331
252,2.470611333847046,1.8856931924819946
253,2.513148784637451,1.8681724071502686
254,2.4789323806762695,2.1394922733306885
255,2.478041172027588,1.8235934972763062
256,2.499730348587036,1.8752777576446533
257,2.49179744720459,2.329930543899536
258,2.5365915298461914,1.9727685451507568
259,2.5435404777526855,1.9498941898345947
260,2.510751247406006,1.844461441040039
261,2.5261223316192627,1.826340913772583
262,2.53010630607605,1.846486210823059
263,2.450242757797241,1.8761919736862183
264,2.498990535736084,1.9360679388046265
265,2.5254156589508057,1.7915953397750854
266,2.490206003189087,1.9684803485870361
267,2.5017495155334473,2.055469036102295
268,2.473806142807007,1.9200023412704468
269,2.513296365737915,2.500322103500366
270,2.5078868865966797,1.9043444395065308
271,2.5263280868530273,2.240445375442505
272,2.4559693336486816,2.2045016288757324
273,2.485696315765381,1.9459501504898071
274,2.495939254760742,1.9327021837234497
275,2.4700944423675537,2.264904737472534
276,2.490570068359375,1.9089034795761108
277,2.5017669200897217,1.928882122039795
278,2.433372974395752,1.9383795261383057
279,2.5195424556732178,2.0216901302337646
280,2.477116823196411,1.8730255365371704
281,2.5211968421936035,1.9992845058441162
282,2.515183210372925,2.0058698654174805
283,2.5027711391448975,1.9482953548431396
284,2.5327389240264893,1.987699270248413
285,2.5064916610717773,2.3298678398132324
286,2.444782257080078,2.120391845703125
287,2.439329147338867,2.1973562240600586
288,2.4492790699005127,2.35217022895813
289,2.545405864715576,1.8200876712799072
290,2.489602565765381,1.9227403402328491
291,2.5092415809631348,2.5167429447174072
292,2.456801414489746,1.996472716331482
293,2.4923055171966553,1.9709296226501465
294,2.442600965499878,1.8368315696716309
295,2.4817118644714355,2.3967783451080322
296,2.499293565750122,1.8762880563735962
297,2.5294485092163086,1.8834655284881592
298,2.520132064819336,2.0639781951904297
299,2.50583553314209,1.907911777496338
300,2.5735526084899902,1.9104875326156616
301,2.483286142349243,1.894380807876587
302,2.4686601161956787,1.896609902381897
303,2.4494025707244873,2.034013509750366
304,2.4633030891418457,1.8831678628921509
305,2.4779210090637207,2.026603937149048
306,2.511064291000366,2.407180070877075
307,2.4831979274749756,2.1558752059936523
308,2.469414234161377,1.9172958135604858
309,2.4406683444976807,1.9714045524597168
310,2.500574827194214,1.8148102760314941
311,2.4724745750427246,2.4520294666290283
312,2.5703201293945312,2.0193750858306885
313,2.4608712196350098,1.8949555158615112
314,2.5020766258239746,1.9717190265655518
315,2.49926495552063,1.9341713190078735
316,2.467027187347412,2.077874183654785
317,2.497368335723877,1.948777437210083
318,2.4772274494171143,1.8734346628189087
319,2.4590978622436523,1.8793952465057373
320,2.5562171936035156,2.9046881198883057
321,2.538224935531616,1.8926461935043335
322,2.475020170211792,2.1812148094177246
323,2.4518914222717285,1.8619886636734009
324,2.4957058429718018,2.0725700855255127
325,2.4839963912963867,1.994266152381897
326,2.468259811401367,1.9542689323425293
327,2.520047664642334,1.8856145143508911
328,2.4534263610839844,2.029829263687134
329,2.5287482738494873,1.984800100326538
330,2.457873821258545,2.1014134883880615
331,2.4276888370513916,2.410670042037964
332,2.5790562629699707,2.08593487739563
333,2.5455188751220703,2.135637044906616
334,2.539440393447876,1.9033929109573364
335,2.4848785400390625,2.118823528289795
336,2.511345148086548,2.2045021057128906
337,2.4664692878723145,1.8749759197235107
338,2.4845175743103027,1.859076738357544
339,2.4377858638763428,1.920504093170166
340,2.455744981765747,2.103848457336426
341,2.4642467498779297,1.9194601774215698
342,2.4854047298431396,1.922332763671875
343,2.452085018157959,2.3694212436676025
344,2.424175500869751,1.8539910316467285
345,2.528343915939331,2.0807085037231445
346,2.4704554080963135,2.533092737197876
347,2.4412081241607666,1.8666659593582153
348,2.468810558319092,2.8570215702056885
349,2.482184410095215,1.9252899885177612
350,2.4639151096343994,2.3754913806915283
351,2.5062427520751953,1.8590645790100098
352,2.4993650913238525,1.9567965269088745
353,2.4634897708892822,2.074195623397827
354,2.5262181758880615,1.8925749063491821
355,2.4510645866394043,1.9810798168182373
356,2.508058786392212,1.9841843843460083
357,2.524418592453003,1.9843590259552002
358,2.500901937484741,1.9771324396133423
359,2.467477798461914,2.699838161468506
360,2.5500385761260986,1.8982150554656982
361,2.5125980377197266,1.8548052310943604
362,2.505737781524658,2.0428521633148193
363,2.4999914169311523,1.893165946006775
364,2.4622020721435547,2.261101245880127
365,2.4966959953308105,1.8818756341934204
366,2.466524362564087,1.9030201435089111
367,2.4666876792907715,1.9169070720672607
368,2.4920530319213867,2.43279767036438
369,2.5050225257873535,1.8587164878845215
370,2.4451239109039307,2.2204666137695312
371,2.51312518119812,1.857662558555603
372,2.498854160308838,2.1050071716308594
373,2.5196187496185303,2.162522554397583
374,2.46171236038208,1.896033525466919
375,2.51826548576355,1.8375800848007202
376,2.4614522457122803,1.9389644861221313
377,2.4461441040039062,1.8861128091812134
378,2.487471580505371,2.681070566177368
379,2.584519863128662,1.9765746593475342
380,2.492952346801758,2.2548863887786865
381,2.850818395614624,2.045511484146118
382,2.5081803798675537,2.2852530479431152
383,2.4355430603027344,1.9073368310928345
384,2.453409433364868,1.970692753791809
385,2.495375871658325,2.0196211338043213
386,2.521005153656006,2.048553705215454
387,2.497426748275757,1.9636790752410889
388,2.5008292198181152,1.937326431274414
389,2.457495927810669,2.2522308826446533
390,2.438755750656128,1.954680323600769
391,2.500153064727783,2.597180128097534
392,2.479562759399414,1.9600557088851929
393,2.4667723178863525,1.9399306774139404
394,2.4717254638671875,1.9938428401947021
395,2.4840543270111084,2.0125770568847656
396,2.46667742729187,2.067009925842285
397,2.4554450511932373,1.9888789653778076
398,2.463569164276123,2.117192506790161
399,2.461552381515503,1.9655086994171143
400,2.5248141288757324,2.4390687942504883
401,2.4422342777252197,1.9383748769760132
402,2.449643850326538,1.94325590133667
403,2.4500885009765625,2.004643678665161
404,2.519343852996826,2.4562699794769287
405,2.5400149822235107,2.1417224407196045
406,2.495532512664795,1.9770371913909912
407,2.4580793380737305,2.125044345855713
408,2.46844220161438,1.952038049697876
409,2.4635679721832275,1.9377013444900513
410,2.4590249061584473,2.247797727584839
411,2.4884750843048096,2.0433461666107178
412,2.471095561981201,2.008955717086792
413,2.461841583251953,1.9902125597000122
414,2.5210137367248535,2.0176219940185547
415,2.457589864730835,1.8177577257156372
416,2.5021400451660156,1.8974307775497437
417,2.426250696182251,2.0031368732452393
418,2.528582811355591,2.1127536296844482
419,2.4788706302642822,1.905820608139038
420,2.479613780975342,1.950024962425232
421,2.494919538497925,3.3368613719940186
422,2.4560422897338867,2.0270895957946777
423,2.45003080368042,1.9718574285507202
424,2.4981942176818848,1.9198927879333496
425,2.5097012519836426,1.9485219717025757
426,2.429395914077759,2.018496036529541
427,2.559274673461914,2.002246141433716
428,2.5150532722473145,1.997190237045288
429,2.489550828933716,1.9129633903503418
430,2.475985527038574,2.179043769836426
431,2.431988000869751,2.0250914096832275
432,2.484462022781372,2.053605556488037
433,2.505685329437256,1.9296555519104004
434,2.4434266090393066,2.911287784576416
435,2.459977149963379,1.954500436782837
436,2.5113179683685303,2.524580955505371
437,2.4964969158172607,2.0164244174957275
438,2.4695260524749756,2.3407301902770996
439,2.488664388656616,1.827428936958313
440,2.5196480751037598,1.9240409135818481
441,2.4912543296813965,2.298732042312622
442,2.4834272861480713,2.1546669006347656
443,2.453122138977051,2.1810505390167236
444,2.472229480743408,2.016849994659424
445,2.4784018993377686,2.065018653869629
446,2.5001022815704346,1.9568160772323608
447,2.4864046573638916,2.1370184421539307
448,2.4358997344970703,1.9496769905090332
449,2.4855473041534424,1.8836420774459839
450,2.5370638370513916,1.879604697227478
451,2.4444661140441895,1.9103935956954956
452,2.491915225982666,2.2362656593322754
453,2.405085325241089,1.8924405574798584
454,2.494386672973633,1.9850318431854248
455,2.4387154579162598,1.9690144062042236
456,2.462003469467163,2.034883975982666
457,2.4918086528778076,1.9016371965408325
458,2.474787950515747,1.934566617012024
459,2.4443750381469727,2.2685303688049316
460,2.4601683616638184,1.9477959871292114
461,2.4181504249572754,1.8207331895828247
462,2.4913456439971924,1.9424077272415161
463,2.4879963397979736,1.962857723236084
464,2.423275947570801,2.1137399673461914
465,2.4406330585479736,2.1045920848846436
466,2.472341775894165,2.345283031463623
467,2.4816293716430664,1.9942011833190918
468,2.4776861667633057,1.8960210084915161
469,2.433849811553955,2.0021421909332275
470,2.5379652976989746,2.0140135288238525
471,2.510007619857788,1.9494177103042603
472,2.398488759994507,2.0458531379699707
473,2.4877984523773193,2.100555896759033
474,2.50056529045105,2.145387887954712
475,2.4758052825927734,2.2413482666015625
476,2.444732189178467,2.153761386871338
477,2.461577892303467,2.3184335231781006
478,2.462482213973999,2.0329010486602783
479,2.4857802391052246,2.07524037361145
480,2.416088104248047,1.945821762084961
481,2.467841863632202,2.1882452964782715
482,2.522188663482666,2.0183236598968506
483,2.4778635501861572,1.9546276330947876
484,2.468114137649536,2.022270441055298
485,2.4958808422088623,2.241156578063965
486,2.466261386871338,1.9579037427902222
487,2.430182933807373,2.1607491970062256
488,2.481435537338257,2.111910820007324
489,2.4818921089172363,1.992655634880066
490,2.437127113342285,2.2034049034118652
491,2.4410605430603027,1.9427834749221802
492,2.4933009147644043,2.212768077850342
493,2.4717488288879395,2.3089325428009033
494,2.3906376361846924,1.9512419700622559
495,2.4784345626831055,2.0349345207214355
496,2.4712467193603516,2.257563829421997
497,2.454787015914917,1.8531875610351562
498,2.449249505996704,2.1002564430236816
499,2.466984510421753,2.177053928375244
