epoch,loss,val_loss
0,2.522697925567627,1.9829412698745728
1,2.6447079181671143,1.821092128753662
2,2.571887254714966,1.8866466283798218
3,2.6260910034179688,1.7867006063461304
4,2.63940167427063,1.845014214515686
5,2.569978952407837,2.0816562175750732
6,2.53608775138855,1.7902323007583618
7,2.6299962997436523,2.054685354232788
8,2.5354318618774414,1.9155590534210205
9,2.618669033050537,2.015007257461548
10,2.5996317863464355,1.782963514328003
11,2.5577547550201416,2.281999349594116
12,2.587278127670288,2.057297945022583
13,2.6440048217773438,1.7693002223968506
14,2.5523951053619385,1.9538286924362183
15,2.59055233001709,1.9708573818206787
16,2.5529415607452393,2.1185965538024902
17,2.5623819828033447,2.0970335006713867
18,2.541876792907715,1.7882685661315918
19,2.612335443496704,1.8560328483581543
20,2.6143603324890137,1.920525074005127
21,2.613515853881836,1.8055670261383057
22,2.628239154815674,2.2508392333984375
23,2.65382981300354,1.957390546798706
24,2.5923688411712646,1.800121784210205
25,2.570899724960327,2.116990804672241
26,2.7269017696380615,2.4771101474761963
27,2.596630573272705,1.8195220232009888
28,2.5504355430603027,1.7810388803482056
29,2.596872568130493,1.8914551734924316
30,2.6104366779327393,1.8186465501785278
31,2.5876431465148926,1.8334943056106567
32,2.4886767864227295,1.785221815109253
33,2.645799398422241,1.950429916381836
34,2.5972859859466553,2.5715761184692383
35,2.693222761154175,2.05452823638916
36,2.6147913932800293,2.079167604446411
37,2.604214906692505,2.309959888458252
38,2.6122868061065674,1.8912831544876099
39,2.623353958129883,1.7763746976852417
40,2.6257333755493164,1.7759356498718262
41,2.5598196983337402,2.072049140930176
42,2.6310503482818604,1.823951005935669
43,2.657525062561035,1.778393030166626
44,2.5709431171417236,1.822094440460205
45,2.5380213260650635,2.183772087097168
46,2.563171625137329,1.7995896339416504
47,2.586801290512085,1.7727683782577515
48,2.5972323417663574,1.7870410680770874
49,2.6076674461364746,1.7865309715270996
50,2.6020891666412354,2.525561571121216
51,2.633383274078369,1.8907749652862549
52,2.634467840194702,1.826288104057312
53,2.636333703994751,1.9113565683364868
54,2.606022596359253,1.9016454219818115
55,2.518584728240967,2.284203052520752
56,2.5509605407714844,1.9750224351882935
57,2.570685863494873,1.77717924118042
58,2.5732038021087646,1.807207465171814
59,2.588538885116577,1.8720223903656006
60,2.6101949214935303,1.830094575881958
61,2.5807313919067383,1.7698304653167725
62,2.5559933185577393,1.7763806581497192
63,2.597362995147705,1.7836476564407349
64,2.6086881160736084,1.7804368734359741
65,2.698091506958008,2.1926395893096924
66,2.578725576400757,1.8871674537658691
67,2.5413267612457275,1.8551025390625
68,2.5680882930755615,1.9692922830581665
69,2.518092393875122,1.772825002670288
70,2.6603615283966064,1.7856043577194214
71,2.5685923099517822,1.925041913986206
72,2.5348711013793945,2.170417308807373
73,2.597895860671997,2.075343132019043
74,2.6119959354400635,1.7980507612228394
75,2.5649940967559814,1.7805542945861816
76,2.5918078422546387,1.8535422086715698
77,2.5808258056640625,2.021726131439209
78,2.6597704887390137,1.8707444667816162
79,2.6738598346710205,1.8256113529205322
80,2.680567502975464,2.001803398132324
81,2.584667444229126,1.7737478017807007
82,2.5520920753479004,1.8043698072433472
83,2.614168405532837,1.9444477558135986
84,2.5801563262939453,1.9930964708328247
85,2.5424489974975586,1.7804261445999146
86,2.6363303661346436,1.8420237302780151
87,2.6519315242767334,1.7830661535263062
88,2.619570016860962,1.85811185836792
89,2.5602500438690186,2.02409291267395
90,2.5497939586639404,1.7836871147155762
91,2.6208205223083496,2.0357186794281006
92,2.610973596572876,1.7839349508285522
93,2.587733268737793,1.845170497894287
94,2.6456387042999268,1.7816758155822754
95,2.6191835403442383,1.9103221893310547
96,2.6684343814849854,2.0167226791381836
97,2.6184682846069336,1.8128621578216553
98,2.5878331661224365,1.7783790826797485
99,2.589668035507202,1.79716157913208
100,2.631166458129883,1.8016098737716675
101,2.550748825073242,1.7923510074615479
102,2.5713953971862793,1.8358550071716309
103,2.551154851913452,1.964079737663269
104,2.637861967086792,2.190354585647583
105,2.68666934967041,1.90516197681427
106,2.5600764751434326,1.7987884283065796
107,2.521000385284424,1.7926063537597656
108,6.517693996429443,2.070754051208496
109,3.0272860527038574,2.9705989360809326
110,2.9125590324401855,1.9451439380645752
111,2.830981492996216,1.8610682487487793
112,2.726590871810913,1.7937967777252197
113,2.69104266166687,1.8039730787277222
114,2.7463724613189697,1.833631157875061
115,2.6452884674072266,1.8728212118148804
116,2.630401372909546,1.9779839515686035
117,2.656480550765991,1.8382289409637451
118,2.5606119632720947,1.7990084886550903
119,2.6589865684509277,2.173841714859009
120,2.5941855907440186,1.9336074590682983
121,2.603600263595581,1.938602089881897
122,2.644564628601074,1.8200269937515259
123,2.560351610183716,1.7887192964553833
124,2.567265272140503,1.947247862815857
125,2.6327717304229736,1.8116000890731812
126,2.6817071437835693,1.8118157386779785
127,2.5547995567321777,1.887963891029358
128,2.685695171356201,1.819034218788147
129,2.575525999069214,1.7791154384613037
130,2.5625154972076416,2.1410536766052246
131,2.5619661808013916,1.823527455329895
132,2.548233985900879,1.7938213348388672
133,2.584883213043213,1.930492639541626
134,2.42533016204834,1.8932942152023315
135,2.5128214359283447,1.791048288345337
136,2.529411792755127,1.7905892133712769
137,2.5865612030029297,1.8851356506347656
138,2.5393195152282715,1.7846930027008057
139,2.5170540809631348,1.8121699094772339
140,2.552110195159912,1.8428730964660645
141,2.59269380569458,1.8522099256515503
142,2.5167081356048584,1.8694376945495605
143,2.6257576942443848,1.8949109315872192
144,2.651803493499756,1.9695909023284912
145,2.60101056098938,1.8521692752838135
146,2.5909786224365234,1.8255194425582886
147,2.582167387008667,1.8102343082427979
148,2.5049779415130615,1.7955002784729004
149,2.5396640300750732,1.8486531972885132
150,2.5314555168151855,2.065054178237915
151,2.5593295097351074,1.91498601436615
152,2.558161497116089,2.1246137619018555
153,2.581655263900757,1.799673080444336
154,2.620952844619751,1.9203168153762817
155,2.5456535816192627,1.8944236040115356
156,2.61883282661438,1.8319034576416016
157,2.544140100479126,2.258742332458496
158,2.643223524093628,1.812469244003296
159,2.6579601764678955,1.7881221771240234
160,2.5944480895996094,1.82757568359375
161,2.5475783348083496,1.7979851961135864
162,2.610250949859619,1.7942562103271484
163,2.587050437927246,1.9744795560836792
164,2.538820505142212,1.7881971597671509
165,2.555833339691162,1.7803688049316406
166,2.4922187328338623,1.9301573038101196
167,2.56829833984375,1.7971736192703247
168,2.5490524768829346,1.780431866645813
169,2.575444221496582,2.028290033340454
170,2.565751791000366,2.0015757083892822
171,2.545869827270508,1.788244605064392
172,2.5867154598236084,1.8154345750808716
173,2.6845266819000244,1.8146452903747559
174,2.55350923538208,2.2169768810272217
175,2.5886282920837402,1.9052366018295288
176,3.783996105194092,1.9652737379074097
177,2.6163101196289062,1.9274638891220093
178,2.611607789993286,1.9514433145523071
179,2.5827794075012207,1.7837413549423218
180,2.597806215286255,1.8425090312957764
181,2.7126781940460205,1.807592511177063
182,2.5459609031677246,2.0378522872924805
183,2.696579933166504,1.7994158267974854
184,2.5490872859954834,1.9669362306594849
185,2.540285110473633,1.836348295211792
186,2.607757091522217,1.8146249055862427
187,2.6173744201660156,1.804287314414978
188,2.5679690837860107,1.9205600023269653
189,2.627187967300415,1.8004709482192993
190,2.6032955646514893,1.850347876548767
191,2.7205452919006348,1.7895522117614746
192,2.571834087371826,1.7935301065444946
193,2.6386537551879883,2.3513641357421875
194,2.544609785079956,1.9083220958709717
195,2.616370439529419,1.7909880876541138
196,2.6314940452575684,1.9428261518478394
197,2.5960657596588135,1.9222818613052368
198,2.565983772277832,1.8153817653656006
199,2.5690793991088867,1.8342162370681763
200,2.5577552318573,2.2957656383514404
201,2.6357412338256836,1.7820626497268677
202,2.572108745574951,1.8101266622543335
203,2.590289831161499,2.022660732269287
204,2.5197362899780273,1.8441582918167114
205,2.6108202934265137,1.7981927394866943
206,2.572887420654297,1.9741235971450806
207,2.605267286300659,1.9572399854660034
208,2.544551372528076,1.926205039024353
209,2.6250288486480713,1.7958228588104248
210,2.566716432571411,1.8410238027572632
211,2.6177542209625244,1.8795721530914307
212,2.593101978302002,1.823069453239441
213,2.6112940311431885,2.392076015472412
214,2.6656861305236816,1.8922711610794067
215,2.5786731243133545,1.9719511270523071
216,2.6023645401000977,1.9699362516403198
217,2.6329095363616943,1.839483618736267
218,2.5736637115478516,1.7860503196716309
219,2.584049940109253,1.7941066026687622
220,2.576453685760498,1.789803385734558
221,2.6534721851348877,1.7928279638290405
222,2.595018148422241,2.023142099380493
223,2.605970859527588,1.8465235233306885
224,2.5611367225646973,1.7818657159805298
225,2.6291112899780273,2.1832118034362793
226,2.6447181701660156,1.783724069595337
227,2.6076762676239014,1.8211830854415894
228,2.639331817626953,1.8665968179702759
229,2.5328876972198486,1.7803285121917725
230,2.701873302459717,1.825415849685669
231,2.5438730716705322,1.828903317451477
232,2.586768627166748,1.7920928001403809
233,2.5342648029327393,1.950934648513794
234,2.595257520675659,2.0500781536102295
235,2.619866132736206,1.8306130170822144
236,2.613962173461914,1.828805923461914
237,2.6151652336120605,1.8830034732818604
238,2.5420827865600586,1.9022274017333984
239,2.692078113555908,1.7931139469146729
240,2.586350440979004,1.8586089611053467
241,2.5505173206329346,2.2815029621124268
242,2.6009421348571777,1.8774542808532715
243,2.6060378551483154,1.9068093299865723
244,2.6250832080841064,1.773012399673462
245,2.643075466156006,1.8610576391220093
246,2.6277875900268555,1.7876086235046387
247,2.6446943283081055,2.199587345123291
248,2.607095718383789,1.7939467430114746
249,2.6203582286834717,1.8011025190353394
250,2.609923839569092,1.8788281679153442
251,2.6748833656311035,1.8006136417388916
252,2.6047489643096924,1.8113147020339966
253,2.60374116897583,1.80185067653656
254,2.617918014526367,1.795730710029602
255,2.6440632343292236,1.9336432218551636
256,2.582258701324463,1.875124454498291
257,2.562997341156006,2.17612361907959
258,2.6438493728637695,1.7999848127365112
259,2.626044511795044,1.7800071239471436
260,2.604933023452759,1.849846601486206
261,2.6058566570281982,1.8222423791885376
262,2.6020755767822266,1.8337516784667969
263,2.533717393875122,1.7834584712982178
264,2.544466257095337,2.2802672386169434
265,2.6204874515533447,1.9305610656738281
266,2.5849297046661377,1.7718852758407593
267,2.5985453128814697,1.8935859203338623
268,2.6177756786346436,1.7714366912841797
269,2.606992721557617,1.8440837860107422
270,2.5386769771575928,1.8749210834503174
271,2.561431884765625,1.9525799751281738
272,2.6561381816864014,1.9977108240127563
273,2.6419026851654053,1.7825993299484253
274,2.5698015689849854,1.950202465057373
275,2.5758116245269775,1.826507329940796
276,2.6598100662231445,1.792916178703308
277,2.65547251701355,1.7981902360916138
278,2.6682002544403076,1.8321341276168823
279,2.5428435802459717,1.797550082206726
280,2.637596607208252,1.7896448373794556
281,2.6454553604125977,1.8627467155456543
282,2.6046576499938965,1.9687920808792114
283,2.6741943359375,2.1189067363739014
284,2.6005444526672363,2.0640971660614014
285,2.5796329975128174,1.8094931840896606
286,2.604153871536255,1.7752090692520142
287,2.630969762802124,1.9916133880615234
288,2.6353161334991455,1.9846738576889038
289,2.5792782306671143,1.8021399974822998
290,2.540381669998169,1.794540524482727
291,2.566066265106201,1.7827987670898438
292,2.6097397804260254,1.8223258256912231
293,2.598480701446533,2.2784109115600586
294,2.576613426208496,1.8046760559082031
295,2.6442666053771973,2.4843287467956543
296,2.658871650695801,1.8830807209014893
297,2.5918092727661133,1.9840816259384155
298,2.5630297660827637,1.8554826974868774
299,2.546718120574951,2.426331043243408
300,2.5926673412323,1.8585928678512573
301,2.5949480533599854,2.2176427841186523
302,2.585688829421997,1.7817057371139526
303,2.5619800090789795,1.8086466789245605
304,2.578404188156128,1.8416962623596191
305,2.599827527999878,2.1405653953552246
306,2.5567426681518555,2.1076595783233643
307,2.691289186477661,2.0064828395843506
308,2.6204402446746826,1.8963345289230347
309,2.645746946334839,1.9218634366989136
310,2.571384906768799,2.027902364730835
311,2.5805141925811768,1.8209266662597656
312,2.5553081035614014,1.8361862897872925
313,2.551138162612915,2.058377981185913
314,2.607935667037964,1.7852489948272705
315,2.5655548572540283,1.7985892295837402
316,2.6533663272857666,1.7892690896987915
317,2.6761763095855713,2.1238434314727783
318,2.5533933639526367,1.9245750904083252
319,2.685300827026367,2.0903775691986084
320,2.5422203540802,1.8128588199615479
321,2.6031367778778076,1.7805465459823608
322,2.5818958282470703,1.8097959756851196
323,2.648376941680908,1.7898526191711426
324,2.7442078590393066,1.7937427759170532
325,2.627202033996582,1.8855617046356201
326,2.551285982131958,2.2522103786468506
327,2.55049991607666,2.4283244609832764
328,2.6101632118225098,1.900909423828125
329,2.5541751384735107,1.8905940055847168
330,2.596184730529785,1.862457036972046
331,2.547116994857788,1.8004965782165527
332,2.6063575744628906,1.9655507802963257
333,2.5505306720733643,2.0386288166046143
334,2.5747270584106445,1.8361179828643799
335,2.6823551654815674,1.943878412246704
336,2.5861411094665527,1.7942005395889282
337,2.599093198776245,1.8258603811264038
338,2.5864789485931396,1.7835259437561035
339,2.687729597091675,1.814922571182251
340,2.5336716175079346,1.8790935277938843
341,2.6347875595092773,1.7906558513641357
342,2.5730371475219727,1.8196468353271484
343,2.5466465950012207,2.1048052310943604
344,2.6714026927948,1.840441346168518
345,2.5500757694244385,1.9586846828460693
346,2.605036973953247,1.793742299079895
347,2.5098764896392822,1.7832056283950806
348,2.5330264568328857,1.7876219749450684
349,2.5324532985687256,1.7918721437454224
350,2.6396641731262207,1.8608143329620361
351,2.618378162384033,1.9142279624938965
352,2.545570135116577,2.4347386360168457
353,2.620211601257324,2.5843734741210938
354,2.563528537750244,1.8691043853759766
355,2.598626136779785,1.9229789972305298
356,2.5498135089874268,1.7909090518951416
357,2.53717041015625,1.8386101722717285
358,2.5537099838256836,1.791839838027954
359,2.6360907554626465,1.7728371620178223
360,2.6686747074127197,1.8507466316223145
361,2.5726006031036377,1.8707681894302368
362,2.493445634841919,1.7867487668991089
363,2.6423137187957764,2.145413637161255
364,2.701124429702759,1.8638489246368408
365,2.564039707183838,1.87801992893219
366,2.593456268310547,1.9249480962753296
367,2.6274983882904053,1.8322465419769287
368,2.6188113689422607,1.8214802742004395
369,2.601722240447998,1.807942271232605
370,2.596094846725464,2.029623508453369
371,2.566089153289795,1.8048615455627441
372,2.5675902366638184,1.8211383819580078
373,2.6049842834472656,1.890688180923462
374,2.5237956047058105,1.8312106132507324
375,2.6234447956085205,1.8809839487075806
376,2.7349746227264404,1.8893219232559204
377,2.559375524520874,1.8517000675201416
378,2.628709316253662,1.7695012092590332
379,2.5947816371917725,2.1398768424987793
380,2.564539909362793,1.7715439796447754
381,2.5889554023742676,1.7763711214065552
382,2.5863375663757324,1.8031846284866333
383,2.5424752235412598,1.7775853872299194
384,2.559194564819336,1.8965551853179932
385,2.5375280380249023,1.8276045322418213
386,2.630208969116211,1.7695907354354858
387,2.6301233768463135,1.8139532804489136
388,2.5643253326416016,1.8308154344558716
389,2.604616403579712,1.7825342416763306
390,2.6513211727142334,1.7810014486312866
391,2.6019675731658936,1.9294049739837646
392,2.590728282928467,1.7883994579315186
393,2.606621265411377,1.7820894718170166
394,2.556342124938965,1.8730467557907104
395,2.5587542057037354,1.8399237394332886
396,2.555436372756958,1.8016722202301025
397,2.5524630546569824,1.8751331567764282
398,2.5709433555603027,1.8167617321014404
399,2.5735065937042236,1.7762101888656616
400,2.588914394378662,1.8076258897781372
401,2.597468852996826,1.8968050479888916
402,2.605283737182617,2.4841887950897217
403,2.687325954437256,1.7846869230270386
404,2.531747579574585,2.1201717853546143
405,2.5409772396087646,1.8022290468215942
406,2.5891573429107666,1.8305944204330444
407,2.5549492835998535,1.8416248559951782
408,2.583099365234375,1.7791152000427246
409,2.630415439605713,1.8482967615127563
410,2.542423963546753,2.0006895065307617
411,2.6136398315429688,1.7793405055999756
412,2.5390756130218506,1.9216042757034302
413,2.611603260040283,1.8746604919433594
414,2.648098945617676,1.9373059272766113
415,2.6220178604125977,1.8079291582107544
416,2.6306400299072266,1.8645228147506714
417,2.6577234268188477,2.107787609100342
418,2.5219645500183105,2.088510513305664
419,2.5420076847076416,2.0889322757720947
420,2.6301956176757812,1.8960678577423096
421,2.565352201461792,1.8544657230377197
422,2.578758716583252,1.7813950777053833
423,2.523253917694092,2.0274503231048584
424,2.6322133541107178,1.816331148147583
425,2.731184959411621,1.841247320175171
426,2.719707489013672,1.7742112874984741
427,2.5146992206573486,2.026949405670166
428,2.571537733078003,1.7846629619598389
429,2.578855276107788,2.114542245864868
430,2.6111900806427,1.959795355796814
431,2.5972299575805664,1.8056434392929077
432,2.6251420974731445,1.9176219701766968
433,2.5914177894592285,1.9098341464996338
434,2.6134417057037354,1.8038504123687744
435,2.594226598739624,1.8977203369140625
436,2.594359874725342,2.029419422149658
437,2.600050926208496,1.7950456142425537
438,2.5577285289764404,1.867032527923584
439,2.528165578842163,2.0571539402008057
440,2.6516435146331787,1.9755244255065918
441,2.5460100173950195,1.8256441354751587
442,2.633704900741577,1.853339672088623
443,2.6234092712402344,2.323594093322754
444,2.585571527481079,1.8750730752944946
445,2.5739362239837646,1.8423269987106323
446,2.614610195159912,1.9208245277404785
447,2.592341661453247,1.7836813926696777
448,2.5470151901245117,1.7948333024978638
449,2.6552748680114746,2.1288368701934814
450,2.559382677078247,1.8093515634536743
451,2.5564424991607666,1.8204257488250732
452,2.612382650375366,1.774082064628601
453,2.5655994415283203,1.7771328687667847
454,2.5348381996154785,1.7788647413253784
455,2.5427730083465576,2.4936118125915527
456,2.6198501586914062,2.114760637283325
457,2.5801727771759033,1.817995548248291
458,2.6578407287597656,1.970672845840454
459,2.6744091510772705,1.8666185140609741
460,2.6235222816467285,1.9132236242294312
461,2.6179075241088867,1.8798238039016724
462,2.5934596061706543,2.9549193382263184
463,2.639075994491577,1.7751353979110718
464,2.6179940700531006,1.8115038871765137
465,2.68800950050354,1.9359217882156372
466,2.507305860519409,1.9517823457717896
467,2.5572521686553955,1.7955906391143799
468,2.609598398208618,1.7848085165023804
469,2.549670696258545,1.8057700395584106
470,2.582136392593384,1.8455530405044556
471,2.6260924339294434,1.787347674369812
472,2.6406633853912354,1.794830560684204
473,2.627962827682495,2.2180721759796143
474,2.6284611225128174,1.8109347820281982
475,2.5705113410949707,1.9062882661819458
476,2.56073260307312,1.967675805091858
477,2.5637803077697754,1.7961674928665161
478,2.59930419921875,2.293959617614746
479,2.6251590251922607,1.773436188697815
480,2.653818130493164,1.7772140502929688
481,2.5343375205993652,1.8012446165084839
482,2.595184564590454,1.929620623588562
483,2.5883946418762207,1.7830660343170166
484,2.716978073120117,1.8613381385803223
485,2.499666452407837,2.5642051696777344
486,2.7011096477508545,1.9620846509933472
487,2.6178016662597656,1.8465856313705444
488,2.618732452392578,1.7771570682525635
489,2.552982807159424,1.8669040203094482
490,2.5669004917144775,2.073613166809082
491,2.544414520263672,1.8018721342086792
492,2.5635485649108887,1.8814406394958496
493,2.5708374977111816,1.8056360483169556
494,2.609919309616089,1.795950174331665
495,2.5611155033111572,1.8260383605957031
496,2.5808799266815186,1.8362934589385986
497,2.60490083694458,1.7915641069412231
498,2.5758347511291504,1.870391845703125
499,2.6434755325317383,1.9913545846939087
500,2.596141815185547,1.8793166875839233
501,2.5663671493530273,1.7943594455718994
502,2.581988573074341,1.8434233665466309
503,2.6090269088745117,1.8395901918411255
504,2.640918731689453,1.889419674873352
505,2.577697515487671,1.7751939296722412
506,2.58060359954834,1.8546799421310425
507,2.5349504947662354,1.827816128730774
508,2.6121442317962646,1.7786132097244263
509,2.600250720977783,1.8030411005020142
510,2.6095244884490967,1.9413095712661743
511,2.53570294380188,1.8756258487701416
512,2.527265787124634,2.2279245853424072
513,2.643812417984009,1.8829351663589478
514,2.639155864715576,1.9035061597824097
515,2.6562137603759766,1.8786365985870361
516,2.6273255348205566,1.795850396156311
517,2.6503891944885254,1.8128103017807007
518,2.6077358722686768,1.8432949781417847
519,2.604029655456543,1.8269213438034058
520,2.6098792552948,1.8609716892242432
521,2.6684718132019043,1.9370529651641846
522,2.5987632274627686,1.7948147058486938
523,2.662482500076294,2.0179219245910645
524,2.6748104095458984,2.020575523376465
525,2.681061029434204,1.8872284889221191
526,2.530791759490967,1.7812246084213257
527,2.672523021697998,1.874468207359314
528,2.5992977619171143,1.7870371341705322
529,2.5721662044525146,1.8291873931884766
530,2.5520689487457275,1.883144736289978
531,2.566359519958496,2.0091331005096436
532,2.5706052780151367,1.7798097133636475
533,2.6381168365478516,1.844237208366394
534,2.5355260372161865,1.7971081733703613
535,2.6691479682922363,1.829918622970581
536,2.7164077758789062,1.854785680770874
537,2.6474297046661377,1.7789803743362427
538,2.6994268894195557,1.8864785432815552
539,2.6907758712768555,1.8892313241958618
540,2.6083385944366455,2.2990386486053467
541,2.575686454772949,1.8708670139312744
542,2.637552261352539,1.8752774000167847
543,2.5414838790893555,1.7962009906768799
544,2.5852808952331543,1.8277356624603271
545,2.6168532371520996,2.2772533893585205
546,2.5657944679260254,2.0899434089660645
547,2.577597141265869,1.872475028038025
548,2.553617238998413,1.83004629611969
549,2.6144161224365234,2.0416224002838135
550,2.6872105598449707,2.5222935676574707
551,2.6029512882232666,1.8857187032699585
552,2.5879509449005127,1.815057635307312
553,2.583782434463501,2.0055665969848633
554,2.62125563621521,1.9018566608428955
555,2.66823673248291,1.8327804803848267
556,2.5223023891448975,1.7937906980514526
557,2.591731309890747,1.8053056001663208
558,2.560218095779419,1.795013666152954
559,2.579916000366211,2.0417075157165527
560,2.578127384185791,2.2127108573913574
561,2.6318700313568115,2.57173490524292
562,2.616307258605957,1.8014981746673584
563,2.6541895866394043,2.191035032272339
564,2.556533098220825,1.7777960300445557
565,2.5704243183135986,1.8313666582107544
566,2.573352813720703,2.16795015335083
567,2.5564968585968018,1.9355930089950562
568,2.5778563022613525,1.8504256010055542
569,2.563931941986084,2.2007343769073486
570,2.5536818504333496,1.7770819664001465
571,2.572197198867798,1.98149836063385
572,2.5801949501037598,1.9792684316635132
573,2.5417544841766357,2.0828511714935303
574,2.5460352897644043,1.7698676586151123
575,2.5465331077575684,2.0049850940704346
576,2.5941247940063477,1.9640824794769287
577,2.606874465942383,1.8307870626449585
578,2.557939291000366,1.820083737373352
579,2.6279165744781494,1.977491855621338
580,2.5329928398132324,1.987723708152771
581,2.593919515609741,1.7721424102783203
582,2.564540147781372,1.8879878520965576
583,2.591179847717285,2.0295445919036865
584,2.533266544342041,1.797326922416687
585,2.6371023654937744,2.3610854148864746
586,2.619659185409546,2.4220709800720215
587,2.623307943344116,1.9181591272354126
588,2.5846829414367676,2.1089446544647217
589,2.603903293609619,1.887082815170288
590,2.5267605781555176,1.9862537384033203
591,2.554331064224243,1.8649390935897827
592,2.5473294258117676,1.8678151369094849
593,2.5566508769989014,1.7802273035049438
594,2.529959201812744,1.9456785917282104
595,2.6170718669891357,2.0371294021606445
596,2.586942195892334,1.9625298976898193
597,2.638718605041504,1.994889736175537
598,2.5415005683898926,2.0978376865386963
599,2.573965311050415,2.0280191898345947
600,2.5717387199401855,1.8029175996780396
601,2.5020973682403564,1.817453145980835
602,2.5987536907196045,2.3485867977142334
603,2.647336721420288,1.9486145973205566
604,2.5910277366638184,2.1333014965057373
605,2.6181256771087646,2.018915891647339
606,2.65682053565979,1.9598344564437866
607,2.5802769660949707,1.8175947666168213
608,2.586822986602783,1.7757021188735962
609,2.6465959548950195,1.846691370010376
610,2.5418052673339844,1.934403657913208
611,2.5158815383911133,1.9112716913223267
612,2.532606363296509,2.3544859886169434
613,2.5165610313415527,2.155514717102051
614,2.5637030601501465,1.7770285606384277
615,2.5814919471740723,1.9249876737594604
616,2.6512372493743896,1.88184654712677
617,2.521785259246826,1.8625881671905518
618,2.5322375297546387,1.7885699272155762
619,2.575878381729126,1.845994234085083
620,2.6179542541503906,1.9955650568008423
621,2.608415126800537,2.0587847232818604
622,2.676939010620117,1.773724913597107
623,2.5477476119995117,1.8160909414291382
624,2.5949137210845947,1.8218226432800293
625,2.5684001445770264,2.1646666526794434
626,2.56101655960083,2.107154607772827
627,2.5536396503448486,1.9058456420898438
628,2.5921378135681152,2.078456163406372
629,2.5708868503570557,1.8060044050216675
630,2.668159246444702,1.8475390672683716
631,2.634897470474243,1.8116589784622192
632,2.591507911682129,1.9649440050125122
633,2.565375328063965,1.8086605072021484
634,2.658141613006592,1.8115676641464233
635,2.754638671875,2.109309434890747
636,2.5822973251342773,1.8524259328842163
637,2.561415433883667,1.8184101581573486
638,2.593590497970581,1.790793538093567
639,2.539897918701172,1.8479080200195312
640,2.5510387420654297,1.7771127223968506
641,2.6046037673950195,1.9655311107635498
642,2.5135457515716553,1.8341164588928223
643,2.5940604209899902,1.9912140369415283
644,2.6079556941986084,1.8619513511657715
645,2.6539628505706787,1.916137456893921
646,2.62005352973938,1.888293743133545
647,2.5676016807556152,1.851566195487976
648,2.573878049850464,1.909126877784729
649,2.6013479232788086,1.8664242029190063
650,2.6043522357940674,2.016343116760254
651,2.577367067337036,1.8189195394515991
652,2.566006898880005,1.9761598110198975
653,2.684445858001709,2.1293020248413086
654,2.6107287406921387,1.8701726198196411
655,2.5141618251800537,1.9668129682540894
656,2.6065330505371094,1.7881957292556763
657,2.642152786254883,1.9189358949661255
658,2.6225080490112305,1.9564521312713623
659,2.557413339614868,1.9202187061309814
660,2.6049816608428955,1.8783886432647705
661,2.626096487045288,2.48931884765625
662,2.615291118621826,1.8692820072174072
663,2.525834321975708,1.9201240539550781
664,2.567826509475708,1.8089500665664673
665,2.554135799407959,1.8023905754089355
666,2.5911619663238525,1.8000000715255737
667,2.569438934326172,1.8546162843704224
668,2.626908779144287,1.8388410806655884
669,2.635669708251953,2.1204726696014404
670,2.61529803276062,1.8882777690887451
671,2.5679025650024414,1.8041435480117798
672,2.5515377521514893,1.9878331422805786
673,2.5706183910369873,1.809076189994812
674,2.560122489929199,1.839942216873169
675,2.580700159072876,1.9086681604385376
676,2.5914132595062256,2.7708027362823486
677,2.582353353500366,1.810506820678711
678,2.5382964611053467,2.018414258956909
679,2.5558791160583496,1.8601346015930176
680,2.555499315261841,1.776133418083191
681,2.533971071243286,1.861279010772705
682,2.530366897583008,1.8149856328964233
683,2.5197603702545166,1.8396352529525757
684,2.583014488220215,1.920656681060791
685,2.5854251384735107,1.8081724643707275
686,2.63618803024292,1.7707209587097168
687,2.582655429840088,1.9378902912139893
688,2.567312479019165,1.9715977907180786
689,2.5261623859405518,2.0378336906433105
690,2.639714241027832,2.0640666484832764
691,2.5783603191375732,1.821616530418396
692,2.57541823387146,2.1366333961486816
693,2.561142921447754,1.791317105293274
694,2.5931472778320312,2.1556971073150635
695,2.529332399368286,1.8853775262832642
696,2.589625358581543,1.9646575450897217
697,2.5914549827575684,3.2048776149749756
698,2.5541279315948486,1.7854646444320679
699,2.543381690979004,1.8631012439727783
700,2.639092206954956,1.818015456199646
701,2.566232204437256,1.7951438426971436
702,2.571653127670288,1.7703783512115479
703,2.5460832118988037,1.8100591897964478
704,2.535825490951538,1.7690788507461548
705,2.703369617462158,1.9689674377441406
706,2.6141695976257324,1.7830153703689575
707,2.5904881954193115,1.783770203590393
708,2.594778537750244,2.255732297897339
709,2.5122621059417725,1.8285592794418335
710,2.5724644660949707,2.089913845062256
711,2.5086662769317627,1.8101125955581665
712,2.562340259552002,2.402327537536621
713,2.615544080734253,1.788134217262268
714,2.612722873687744,1.7927517890930176
715,2.676058530807495,1.7951098680496216
716,2.6372482776641846,1.7964845895767212
717,2.5674381256103516,1.8639901876449585
718,2.5312118530273438,1.8294556140899658
719,2.532275676727295,2.5357158184051514
720,2.5817830562591553,1.8850677013397217
721,2.5762555599212646,1.8029067516326904
722,2.613291025161743,1.917232871055603
723,2.6260876655578613,1.795656681060791
724,2.554368734359741,1.9696762561798096
725,2.5312795639038086,1.9226254224777222
726,2.5585484504699707,1.988034725189209
727,2.60556960105896,2.0853590965270996
728,2.6227095127105713,1.9585579633712769
729,2.513176202774048,1.8602827787399292
730,2.5996835231781006,1.8194485902786255
731,2.6278133392333984,1.8127044439315796
732,2.53680157661438,2.0555334091186523
733,2.6150500774383545,1.7883527278900146
734,2.5816872119903564,1.9180405139923096
735,2.5989151000976562,1.901693344116211
736,2.5863990783691406,1.848397970199585
737,2.6141481399536133,1.7758564949035645
738,2.5977704524993896,2.085369348526001
739,2.580876588821411,1.9671765565872192
740,2.523690700531006,1.8338736295700073
741,2.550107002258301,1.9192688465118408
742,2.595266103744507,1.8175939321517944
743,2.5541720390319824,1.8224174976348877
744,2.5450823307037354,2.0068180561065674
745,2.579498291015625,1.7757169008255005
746,2.5739920139312744,1.9086225032806396
747,2.5732412338256836,1.848820447921753
748,2.5630288124084473,1.7738704681396484
749,2.477160930633545,2.1857709884643555
750,2.691575765609741,1.8242400884628296
751,2.524803400039673,1.8008450269699097
752,2.5466463565826416,1.9086456298828125
753,2.562912702560425,2.0726373195648193
754,2.5186493396759033,1.9269839525222778
755,2.5787131786346436,1.7723419666290283
756,2.5274319648742676,1.8886497020721436
757,2.588611602783203,1.8643232583999634
758,2.508047103881836,1.826616644859314
759,2.6104202270507812,1.9023258686065674
760,2.6224186420440674,1.9212353229522705
761,2.4766976833343506,1.7682360410690308
762,2.6044228076934814,1.9918195009231567
763,2.66253662109375,1.8809553384780884
764,2.5633108615875244,2.0386435985565186
765,2.5151710510253906,1.9684250354766846
766,2.566920757293701,1.8079055547714233
767,2.5446083545684814,2.1520614624023438
768,2.6027050018310547,1.839443564414978
769,2.5896222591400146,2.051987886428833
770,2.600008964538574,2.0248687267303467
771,2.6001739501953125,1.7707983255386353
772,2.553107500076294,1.7823015451431274
773,2.594170093536377,1.789713978767395
774,2.601666212081909,1.8112255334854126
775,2.5578806400299072,1.8650754690170288
776,2.6201000213623047,1.8289515972137451
777,2.5307679176330566,1.9247982501983643
778,2.5682802200317383,1.7818589210510254
779,2.59153413772583,2.070300579071045
780,2.5880963802337646,1.9108994007110596
781,2.5564093589782715,1.9559978246688843
782,2.640946388244629,1.8259408473968506
783,2.5502495765686035,1.863304853439331
784,2.661951780319214,1.818466067314148
785,2.63374924659729,1.9867833852767944
786,2.549717903137207,1.8739901781082153
787,2.5633809566497803,1.9921823740005493
788,2.5571179389953613,2.110568046569824
789,2.6042678356170654,1.9019122123718262
790,2.5310773849487305,1.8117849826812744
791,2.561833381652832,1.9165937900543213
792,2.558256149291992,2.0539445877075195
793,2.6108062267303467,1.7898467779159546
794,2.522857904434204,1.7882920503616333
795,2.5559630393981934,1.994417428970337
796,2.5795211791992188,1.8985508680343628
797,2.4787800312042236,1.7903931140899658
798,2.586350202560425,2.1143765449523926
799,2.619966983795166,1.7789151668548584
800,2.5476813316345215,1.7833579778671265
801,2.5446982383728027,1.7836216688156128
802,2.5564446449279785,1.8233520984649658
803,2.548737049102783,1.7677478790283203
804,2.504204273223877,1.8514578342437744
805,2.5276527404785156,1.8009459972381592
806,2.526219367980957,2.0794970989227295
807,2.6026577949523926,1.8884978294372559
808,13.810276985168457,4.844058513641357
809,6.24424934387207,3.4798061847686768
810,5.608645915985107,5.641857624053955
811,5.699261665344238,3.025317907333374
812,5.37302827835083,3.4412989616394043
813,5.253667831420898,2.989645481109619
814,5.159093856811523,3.7542884349823
815,5.095051288604736,3.673285961151123
816,4.759934902191162,3.1754097938537598
817,4.837547302246094,2.759197235107422
818,4.921926498413086,2.996119976043701
819,4.741733551025391,2.818563938140869
820,4.660286903381348,3.0108373165130615
821,4.578190326690674,2.6059319972991943
822,4.4308247566223145,2.586073875427246
823,4.430063247680664,3.227200746536255
824,4.21651554107666,2.416926622390747
825,4.093112468719482,2.3371474742889404
826,4.077376365661621,2.2374017238616943
827,3.8738458156585693,2.219372034072876
828,3.7815301418304443,2.3867173194885254
829,3.6942412853240967,2.5020151138305664
830,3.38665771484375,2.059419870376587
831,3.3860011100769043,2.041510820388794
832,3.406111717224121,1.9436544179916382
833,3.4589922428131104,2.1560614109039307
834,3.30859112739563,2.0245330333709717
835,3.262538433074951,2.069647789001465
836,3.1668033599853516,2.4028804302215576
837,3.2029976844787598,2.22160005569458
838,3.1060023307800293,2.5190353393554688
839,3.043069362640381,2.0443692207336426
840,3.1400256156921387,2.083782911300659
841,3.218796730041504,2.4029157161712646
842,3.007291316986084,2.3725216388702393
843,2.921696901321411,1.9805999994277954
844,3.0423035621643066,2.3312251567840576
845,2.9803054332733154,2.289830446243286
846,3.1122055053710938,1.910760521888733
847,3.0236408710479736,1.926708459854126
848,3.073862075805664,1.9086858034133911
849,3.120290994644165,1.9303990602493286
850,3.0736875534057617,1.8730177879333496
851,3.070218801498413,1.9633508920669556
852,2.987205743789673,1.8370951414108276
853,3.0866739749908447,1.8781185150146484
854,2.950709819793701,2.404566526412964
855,2.860665798187256,1.899674654006958
856,2.9623193740844727,1.9369102716445923
857,2.9148848056793213,1.8154406547546387
858,2.9620158672332764,1.848578691482544
859,2.9021739959716797,2.2711548805236816
860,2.900618076324463,1.9021754264831543
861,2.9633045196533203,1.90825617313385
862,2.8785881996154785,1.9897466897964478
863,2.794862747192383,1.9031375646591187
864,2.8909108638763428,1.7860867977142334
865,2.742375373840332,1.94669508934021
866,2.7738873958587646,1.8329575061798096
867,2.7992870807647705,2.7486915588378906
868,2.9028115272521973,1.8407092094421387
869,3.0137736797332764,1.8116296529769897
870,2.745323419570923,1.827534794807434
871,2.8277599811553955,2.0010156631469727
872,2.7938830852508545,1.7919954061508179
873,2.841724395751953,1.9836286306381226
874,2.8321380615234375,1.9755630493164062
875,2.791888475418091,1.8684685230255127
876,2.7322912216186523,2.2863965034484863
877,2.6700429916381836,1.8644728660583496
878,2.6980791091918945,2.1231367588043213
879,2.7299346923828125,2.727344274520874
880,2.878255844116211,1.8689818382263184
881,2.6891896724700928,2.090062379837036
882,2.8813672065734863,2.649930238723755
883,2.747413396835327,1.9693235158920288
884,2.6665937900543213,2.007906198501587
885,2.9149508476257324,2.0107476711273193
886,2.838440179824829,2.393627882003784
887,2.780712127685547,1.94674813747406
888,2.9142868518829346,2.114621877670288
889,2.909358501434326,2.658290147781372
890,2.8063628673553467,1.9221965074539185
891,2.724351406097412,1.8566992282867432
892,2.7238404750823975,2.460244655609131
893,2.8311288356781006,1.8513187170028687
894,2.784425973892212,1.9888638257980347
895,2.65047025680542,1.7998120784759521
896,2.836124897003174,2.041616678237915
897,2.890045166015625,1.941306710243225
898,2.9259660243988037,1.9690461158752441
899,2.8146629333496094,1.979326605796814
900,2.7620551586151123,1.812272310256958
901,2.8937623500823975,1.8862354755401611
902,2.891126871109009,1.9431946277618408
903,2.7225182056427,1.897356629371643
904,2.851597785949707,1.7801541090011597
905,2.806920051574707,1.845045566558838
906,2.807725191116333,1.824804425239563
907,2.8541531562805176,2.1301653385162354
908,2.822866916656494,1.9286422729492188
909,2.641286611557007,1.876252293586731
910,2.8804636001586914,1.7875162363052368
911,2.7036304473876953,1.9918686151504517
912,2.77112078666687,1.8217788934707642
913,2.5935678482055664,1.9853432178497314
914,2.6813266277313232,1.8354078531265259
915,2.7938344478607178,2.239542245864868
916,2.6794681549072266,1.8201347589492798
917,2.7497880458831787,1.9743824005126953
918,2.701458692550659,1.8345577716827393
919,2.7175776958465576,2.0331854820251465
920,3.18280291557312,1.8747225999832153
921,2.8563759326934814,2.0094125270843506
922,2.8969497680664062,1.8946276903152466
923,3.0316812992095947,2.162240505218506
924,2.7735111713409424,1.8508143424987793
925,2.6763558387756348,1.9963253736495972
926,2.784527063369751,2.2568821907043457
927,2.869706392288208,1.9415154457092285
928,2.795294761657715,1.8816965818405151
929,2.7587995529174805,1.8276464939117432
930,2.8131821155548096,2.0190680027008057
931,2.7214975357055664,1.814666748046875
932,2.721924066543579,2.0287139415740967
933,2.7260029315948486,1.942549467086792
934,2.8048245906829834,1.9423733949661255
935,2.7417478561401367,2.102292776107788
936,2.700209617614746,2.033437490463257
937,2.605355978012085,2.7473156452178955
938,2.7137186527252197,1.7805652618408203
939,2.6990768909454346,2.353214979171753
940,2.7020790576934814,1.8351253271102905
941,2.5994503498077393,1.91049325466156
942,2.726931571960449,1.8230327367782593
943,2.7646420001983643,2.1320574283599854
944,2.6536383628845215,1.8137389421463013
945,2.6347079277038574,1.8165438175201416
946,2.6561388969421387,1.8513336181640625
947,2.710048198699951,1.7941612005233765
948,2.6255176067352295,2.1847479343414307
949,2.7471957206726074,1.8946603536605835
950,2.6493592262268066,2.0316762924194336
951,2.747013568878174,1.7986247539520264
952,2.6564276218414307,1.8986238241195679
953,2.7531769275665283,1.8234647512435913
954,2.6769602298736572,2.224076271057129
955,2.8808083534240723,1.8280775547027588
956,2.645045518875122,1.9161690473556519
957,2.6509459018707275,2.0815093517303467
958,2.673705577850342,1.804439902305603
959,2.6089346408843994,1.8070627450942993
960,2.7219882011413574,1.914125680923462
961,2.66330885887146,2.6979660987854004
962,2.8028290271759033,2.76513409614563
963,2.7182767391204834,1.9110991954803467
964,2.7193291187286377,1.8186988830566406
965,2.686814785003662,1.9883261919021606
966,2.7661044597625732,2.057865619659424
967,2.72900128364563,1.840044617652893
968,2.6140661239624023,1.785513997077942
969,2.945995569229126,1.8391307592391968
970,2.7632219791412354,1.8816941976547241
971,2.578946828842163,2.0001769065856934
972,2.7135417461395264,2.0210623741149902
973,2.717076301574707,2.037965774536133
974,2.6020667552948,1.8529917001724243
975,2.8286774158477783,1.959302544593811
976,2.617063045501709,2.6110243797302246
977,2.6694326400756836,1.9777514934539795
978,2.7338788509368896,1.8451905250549316
979,2.6956846714019775,2.0071046352386475
980,2.6324939727783203,2.04142689704895
981,2.573951244354248,1.9296283721923828
982,2.691833257675171,1.8173117637634277
983,2.572206974029541,2.1771743297576904
984,2.6380608081817627,2.7329180240631104
985,2.6915879249572754,1.8493984937667847
986,2.6449947357177734,1.8652610778808594
987,2.688157320022583,1.8189775943756104
988,2.563741683959961,1.9433424472808838
989,2.6324994564056396,1.803856372833252
990,2.7084431648254395,2.1690847873687744
991,2.642885208129883,1.852668046951294
992,2.574497699737549,1.9936679601669312
993,2.698032855987549,1.9011863470077515
994,2.7192673683166504,2.0046799182891846
995,2.683088779449463,1.8265373706817627
996,2.642396926879883,2.314650774002075
997,2.655489683151245,1.8051648139953613
998,2.7086308002471924,1.7907460927963257
999,2.5914878845214844,2.4236247539520264
1000,2.6120474338531494,1.8673495054244995
1001,2.6390087604522705,1.8378182649612427
1002,2.614001989364624,2.0415308475494385
1003,2.755476713180542,1.8004497289657593
1004,2.611060380935669,1.9621691703796387
1005,2.6265206336975098,1.8954881429672241
1006,2.691549301147461,2.0493810176849365
1007,2.641855239868164,2.0192971229553223
1008,2.6532115936279297,1.9361369609832764
1009,2.5926332473754883,1.8849128484725952
1010,2.6101181507110596,1.8319655656814575
1011,2.7418131828308105,1.8861030340194702
1012,2.7268824577331543,1.8551679849624634
1013,2.692876100540161,2.2124598026275635
1014,2.8037867546081543,2.1628849506378174
1015,2.7500405311584473,2.530496835708618
1016,2.7281031608581543,1.9673137664794922
1017,2.7555418014526367,1.94554603099823
1018,2.656094789505005,2.6393473148345947
1019,2.7038495540618896,2.1331722736358643
1020,2.741072654724121,1.999418020248413
1021,2.6217753887176514,1.9069105386734009
1022,2.667860507965088,2.1156744956970215
1023,2.6988840103149414,2.568822145462036
1024,2.719841241836548,1.9157814979553223
1025,2.6631579399108887,1.900891661643982
1026,2.671797513961792,1.8903374671936035
1027,2.689535617828369,1.8717081546783447
1028,2.6388275623321533,2.011545419692993
1029,2.673274517059326,2.701381206512451
1030,2.7031869888305664,1.8760000467300415
1031,2.713555335998535,2.0054774284362793
1032,2.6363472938537598,1.9151549339294434
1033,2.7245419025421143,1.9548509120941162
1034,2.679919719696045,1.878545880317688
1035,2.65287446975708,1.8670378923416138
1036,2.7049028873443604,1.8605815172195435
1037,2.6515438556671143,1.8972911834716797
1038,2.714672327041626,1.9217298030853271
1039,2.6721644401550293,2.105804920196533
1040,2.7801826000213623,1.9118472337722778
1041,2.6711394786834717,1.828101396560669
1042,2.779994487762451,1.8609782457351685
1043,2.6193063259124756,2.117274522781372
1044,2.6656296253204346,1.9212850332260132
1045,2.5983026027679443,1.88308584690094
1046,2.685914993286133,1.8460102081298828
1047,2.5983312129974365,1.8527641296386719
1048,2.6320691108703613,2.093421459197998
1049,2.6321258544921875,1.901719570159912
1050,2.6385703086853027,2.0092928409576416
1051,2.6771609783172607,2.051652669906616
1052,2.741013526916504,1.9651439189910889
1053,2.609882354736328,1.9353556632995605
1054,2.648334503173828,2.0923163890838623
1055,2.6027307510375977,2.0375618934631348
1056,2.620675563812256,1.8867449760437012
1057,2.7005882263183594,1.8429474830627441
1058,2.5699641704559326,2.0483853816986084
1059,2.5494918823242188,1.895560383796692
1060,2.5732057094573975,1.867003321647644
1061,2.7129619121551514,1.856359601020813
1062,2.648658514022827,1.8226284980773926
1063,2.5836808681488037,1.9183193445205688
1064,2.5865657329559326,1.8626188039779663
1065,2.5977718830108643,2.265958547592163
1066,2.5805342197418213,1.8250043392181396
1067,2.604419708251953,2.0616283416748047
1068,2.6353471279144287,1.8615409135818481
1069,2.54762864112854,1.871875286102295
1070,2.60002064704895,1.8678476810455322
1071,2.507401943206787,1.918688416481018
1072,2.5836968421936035,1.8040969371795654
1073,2.564832925796509,1.8831274509429932
1074,2.6456658840179443,1.8247541189193726
1075,2.526959180831909,2.026945114135742
1076,2.5475375652313232,1.9771775007247925
1077,3.4248156547546387,2.3719019889831543
1078,2.5736467838287354,1.8033653497695923
1079,2.526336431503296,2.1075408458709717
1080,2.5709447860717773,1.8067926168441772
1081,2.620269298553467,2.0883734226226807
1082,2.60404372215271,2.1128830909729004
1083,2.668628692626953,1.8516062498092651
1084,2.6190948486328125,1.9756715297698975
1085,2.748810052871704,1.7941737174987793
1086,2.536686658859253,1.8046540021896362
1087,2.5877363681793213,1.803536057472229
1088,2.595343589782715,1.8103127479553223
1089,2.601834297180176,1.8127881288528442
1090,2.555983304977417,2.0122721195220947
1091,2.561666965484619,1.8647657632827759
1092,2.5237858295440674,2.2941741943359375
1093,2.599168300628662,2.449545383453369
1094,2.5849769115448,2.005610466003418
1095,2.6114113330841064,2.0334784984588623
1096,2.5538735389709473,1.8515946865081787
1097,2.575498580932617,1.8296549320220947
1098,2.5899364948272705,2.0390021800994873
1099,2.5533182621002197,2.1557881832122803
1100,2.6345582008361816,1.9973398447036743
1101,2.599975109100342,1.9173130989074707
1102,2.548823595046997,1.9044443368911743
1103,2.5931332111358643,1.7978661060333252
1104,2.576335906982422,2.2702789306640625
1105,2.5187220573425293,2.2476236820220947
1106,2.6078617572784424,1.7979656457901
1107,2.474898338317871,1.7922730445861816
1108,2.5701591968536377,2.067047357559204
1109,2.6002988815307617,1.8806519508361816
1110,2.991482734680176,1.8493515253067017
1111,2.598515033721924,2.1521432399749756
1112,2.5556752681732178,2.0493080615997314
1113,2.5083823204040527,1.8243592977523804
1114,2.5353853702545166,1.8924187421798706
1115,2.573857307434082,1.8750245571136475
1116,2.617246150970459,75.24252319335938
1117,3.2091355323791504,1.9336912631988525
1118,2.5893938541412354,1.7992156744003296
1119,2.56427264213562,1.8569499254226685
1120,2.561583995819092,1.8137989044189453
1121,2.5276482105255127,1.9401935338974
1122,2.56091046333313,1.78775954246521
1123,2.5119426250457764,1.9126230478286743
1124,2.5656259059906006,1.8699965476989746
1125,2.5634381771087646,1.8412302732467651
1126,2.5518221855163574,1.8211588859558105
1127,2.5851356983184814,1.8225828409194946
1128,2.541733503341675,1.8274997472763062
1129,2.5531399250030518,1.818328619003296
1130,2.5431437492370605,2.5246357917785645
1131,2.598179817199707,1.9312630891799927
1132,2.4751644134521484,1.8320393562316895
1133,2.563488245010376,1.7875525951385498
1134,2.5632479190826416,1.78257155418396
1135,2.555368661880493,1.801875352859497
1136,2.5166285037994385,1.7860219478607178
1137,2.516547203063965,1.838165521621704
1138,2.5733845233917236,1.7868037223815918
1139,2.585336923599243,1.944541335105896
1140,2.5051767826080322,1.7995593547821045
1141,2.5101330280303955,1.8003498315811157
1142,2.4972567558288574,1.8468010425567627
1143,2.5484187602996826,1.8214672803878784
1144,2.4872684478759766,2.055823802947998
1145,2.5673742294311523,1.829694390296936
1146,2.495978355407715,1.783297061920166
1147,2.4897983074188232,2.2566230297088623
1148,2.5144214630126953,1.9157922267913818
1149,2.6064035892486572,1.8303916454315186
1150,2.5697503089904785,2.3228745460510254
1151,2.5296473503112793,1.882090449333191
1152,2.575918674468994,1.7946263551712036
1153,2.656592845916748,1.926715612411499
1154,2.461143732070923,1.8234504461288452
1155,2.540841579437256,1.7988553047180176
1156,2.55389404296875,1.7998888492584229
1157,2.5044124126434326,1.809206247329712
1158,2.6173999309539795,1.8653099536895752
1159,2.5611917972564697,1.874010682106018
1160,2.5572400093078613,2.0947773456573486
1161,2.602360486984253,1.8018298149108887
1162,2.5776214599609375,1.8042292594909668
1163,2.458536386489868,1.8004456758499146
1164,2.509838342666626,1.8057491779327393
1165,2.4667162895202637,1.7899243831634521
1166,2.5340211391448975,1.8533282279968262
1167,2.553978681564331,1.8537005186080933
1168,2.570882797241211,2.0308382511138916
1169,2.5463714599609375,1.8531153202056885
1170,2.5020861625671387,1.8051759004592896
1171,2.5276005268096924,1.8671817779541016
1172,2.598975896835327,1.8265948295593262
1173,2.5391929149627686,2.015803813934326
1174,2.5546867847442627,1.8602169752120972
1175,2.524979829788208,1.8320748805999756
1176,2.5145797729492188,1.7897533178329468
1177,2.588909149169922,2.0273149013519287
1178,2.604987144470215,1.981300711631775
1179,2.538490056991577,1.8091697692871094
1180,2.5249483585357666,1.9004952907562256
1181,2.636051893234253,1.8143006563186646
1182,2.622511863708496,1.8176294565200806
1183,2.5548086166381836,1.8217304944992065
1184,2.598884105682373,1.7935993671417236
1185,2.491839647293091,1.8054598569869995
1186,2.497016668319702,2.022667169570923
1187,2.526233196258545,2.027162790298462
1188,2.485377311706543,1.8190118074417114
1189,2.5346567630767822,1.9071557521820068
1190,2.5571177005767822,1.7983170747756958
1191,2.5392231941223145,1.8848775625228882
1192,2.510460615158081,1.8782845735549927
1193,2.493774890899658,1.7902662754058838
1194,2.5358078479766846,1.9308782815933228
1195,2.509528875350952,1.7993334531784058
1196,2.540926218032837,1.788271188735962
1197,2.5221965312957764,1.8860787153244019
1198,2.5482800006866455,1.8992183208465576
1199,2.5220911502838135,1.8280109167099
1200,2.5070607662200928,1.8221246004104614
1201,2.518388271331787,1.7810934782028198
1202,2.548858642578125,1.7837187051773071
1203,2.506862163543701,1.790643572807312
1204,2.504779100418091,1.9672811031341553
1205,2.5622761249542236,1.8565685749053955
1206,2.5409085750579834,1.7858861684799194
1207,2.494030475616455,1.779700517654419
1208,2.527268648147583,1.9384444952011108
1209,2.5357091426849365,1.8987318277359009
1210,2.517897367477417,1.8119879961013794
1211,2.5229909420013428,1.77899169921875
1212,2.572701930999756,1.7882128953933716
1213,2.458184003829956,1.8591892719268799
1214,2.5673255920410156,1.7830535173416138
1215,2.5358681678771973,1.8995641469955444
1216,2.5094079971313477,1.8012292385101318
1217,2.4950780868530273,1.8264473676681519
1218,2.462254762649536,1.8459069728851318
1219,2.5230648517608643,2.050431728363037
1220,2.5194642543792725,1.7836369276046753
1221,2.5469045639038086,1.8914737701416016
1222,2.549129009246826,1.8608051538467407
1223,2.562147378921509,1.800365924835205
1224,2.50740385055542,1.7863136529922485
1225,2.4540693759918213,1.7959116697311401
1226,2.493375778198242,1.7842447757720947
1227,2.517393112182617,1.963234305381775
1228,2.4847981929779053,1.8137799501419067
1229,2.541372776031494,2.233994483947754
1230,2.4962844848632812,1.7983660697937012
1231,2.5037505626678467,1.8455387353897095
1232,2.5351011753082275,1.9837802648544312
1233,2.5099165439605713,1.88064444065094
1234,2.4618892669677734,1.7944713830947876
1235,2.542384624481201,1.8197872638702393
1236,2.5008857250213623,1.8236792087554932
1237,2.5464513301849365,1.8769915103912354
1238,2.5735769271850586,1.89152991771698
1239,2.4752604961395264,1.8187565803527832
1240,2.5279555320739746,2.0378305912017822
1241,2.520843505859375,1.8994007110595703
1242,2.586874485015869,1.850760817527771
1243,2.502567768096924,1.8053163290023804
1244,2.554112434387207,1.786965250968933
1245,2.5501255989074707,1.7971450090408325
1246,2.4749763011932373,1.7818268537521362
1247,2.5052621364593506,1.7972232103347778
1248,2.5033152103424072,1.8099265098571777
1249,2.5133821964263916,1.7904454469680786
1250,2.528029680252075,1.7896567583084106
1251,2.5268049240112305,1.7981011867523193
1252,2.499279022216797,1.8346444368362427
1253,2.5486719608306885,1.844367265701294
1254,2.4966702461242676,1.8028042316436768
1255,2.5669162273406982,1.8136401176452637
1256,2.6634082794189453,1.7829291820526123
1257,2.5092415809631348,2.0102670192718506
1258,2.520301580429077,1.7790369987487793
1259,2.519340991973877,1.8304646015167236
1260,2.5490903854370117,1.7903801202774048
1261,2.499267101287842,1.8440701961517334
1262,2.5593197345733643,1.8211992979049683
1263,2.5138027667999268,1.7891243696212769
1264,2.5543272495269775,1.8496170043945312
1265,2.469860315322876,1.872438907623291
1266,2.5556957721710205,1.8659987449645996
1267,2.498293161392212,1.7996366024017334
1268,2.5303585529327393,2.0277388095855713
1269,2.5276050567626953,1.8079696893692017
1270,2.5139150619506836,1.9888298511505127
1271,2.4802567958831787,1.8799947500228882
1272,2.493713855743408,1.8584274053573608
1273,2.527745008468628,1.802107572555542
1274,2.4761598110198975,1.9698692560195923
1275,2.5800650119781494,1.8471468687057495
1276,2.528135299682617,1.785249948501587
1277,2.5576140880584717,1.8246026039123535
1278,2.519005298614502,1.8327558040618896
1279,2.5754895210266113,1.9535291194915771
1280,2.5297372341156006,1.8686286211013794
1281,2.517587184906006,1.8149783611297607
1282,2.464667558670044,1.8706672191619873
1283,2.5469212532043457,1.8388054370880127
1284,2.4713666439056396,1.8051608800888062
1285,2.5119235515594482,1.7827569246292114
1286,2.551844358444214,1.7982563972473145
1287,2.473132371902466,1.8213410377502441
1288,2.548128366470337,1.8852156400680542
1289,2.5267586708068848,1.7819099426269531
1290,2.539381265640259,2.201625108718872
1291,2.591308116912842,1.9981507062911987
1292,2.5354809761047363,1.808963656425476
1293,2.4958789348602295,1.8774226903915405
1294,2.540482759475708,1.8001086711883545
1295,2.477912187576294,1.7903659343719482
1296,2.5576281547546387,1.9105173349380493
1297,2.530484914779663,2.0935723781585693
1298,2.518698215484619,1.7785881757736206
1299,2.5585358142852783,2.268164873123169
1300,2.5732948780059814,1.8321398496627808
1301,2.478046417236328,1.9858801364898682
1302,2.540026903152466,1.779514193534851
1303,2.4924042224884033,2.021066188812256
1304,2.5153162479400635,1.8036280870437622
1305,2.573486804962158,1.821950078010559
1306,2.5072896480560303,1.8311580419540405
1307,2.5485923290252686,1.8087552785873413
1308,2.5139951705932617,1.7889846563339233
1309,2.487440824508667,1.780186414718628
1310,2.4997973442077637,1.877316951751709
1311,2.560612440109253,1.8402796983718872
1312,2.5652384757995605,1.7828021049499512
1313,2.4797143936157227,1.9480098485946655
1314,2.561601161956787,1.9081147909164429
1315,2.5354161262512207,1.8623439073562622
1316,2.5570361614227295,1.8409885168075562
1317,2.475032329559326,1.798946499824524
1318,2.5221054553985596,1.8722755908966064
1319,2.5601186752319336,2.0068228244781494
1320,2.5224497318267822,1.8481898307800293
1321,2.492312431335449,1.7827186584472656
1322,2.489309310913086,1.7983578443527222
1323,2.4856739044189453,1.7802833318710327
1324,2.5013012886047363,1.9143733978271484
1325,2.5429046154022217,1.9291950464248657
1326,2.4687252044677734,1.832076907157898
1327,2.525750160217285,2.1126341819763184
1328,2.5282087326049805,1.8008835315704346
1329,2.480484962463379,1.8050382137298584
1330,2.501220464706421,1.7899696826934814
1331,2.5311877727508545,2.0501413345336914
1332,2.514686346054077,1.942750096321106
1333,2.4849565029144287,1.8029866218566895
1334,2.519926071166992,1.824388861656189
1335,2.5306549072265625,1.9621975421905518
1336,2.533633232116699,1.7815704345703125
1337,2.5207772254943848,1.8200840950012207
1338,2.56154727935791,1.8907378911972046
1339,2.5222530364990234,1.813197374343872
1340,2.5124030113220215,1.7869572639465332
1341,2.466351270675659,1.83299720287323
1342,2.5487751960754395,1.8489588499069214
1343,2.5356063842773438,1.947917103767395
1344,2.5192410945892334,1.8343318700790405
1345,2.4786343574523926,1.8581937551498413
1346,2.5318641662597656,1.9143891334533691
1347,2.5147125720977783,1.8438206911087036
1348,2.504100799560547,1.7804038524627686
1349,2.5492053031921387,1.848037600517273
1350,2.5555946826934814,1.9077554941177368
1351,2.5924370288848877,1.8024264574050903
1352,2.650082588195801,1.9417738914489746
1353,2.5247855186462402,1.8155293464660645
1354,2.5459232330322266,1.782209873199463
1355,2.5255439281463623,2.12060284614563
1356,2.522759199142456,1.897905945777893
1357,2.52901029586792,1.7863366603851318
1358,2.4968528747558594,1.8519755601882935
1359,2.5184123516082764,1.894821286201477
1360,2.570970296859741,1.824683666229248
1361,2.4661436080932617,1.794779896736145
1362,2.485137939453125,1.8729689121246338
1363,2.6098296642303467,1.8644200563430786
1364,2.4993770122528076,1.8051406145095825
1365,2.547341823577881,1.782663345336914
1366,2.475644826889038,1.8417309522628784
1367,2.5091331005096436,1.8876107931137085
1368,2.605578660964966,1.7939509153366089
1369,2.5214791297912598,1.8323572874069214
1370,2.5150985717773438,1.8435111045837402
1371,2.519550323486328,1.821380376815796
1372,2.5384600162506104,1.8436895608901978
1373,2.5542116165161133,1.8422945737838745
1374,2.5799522399902344,1.7888849973678589
1375,2.5506303310394287,1.9797714948654175
1376,2.4818060398101807,1.9555203914642334
1377,2.4690771102905273,1.8024722337722778
1378,2.531787872314453,1.859399437904358
1379,2.5472898483276367,1.786451816558838
1380,2.518404245376587,1.8259841203689575
1381,2.534083127975464,1.9372543096542358
1382,2.538487195968628,1.8169711828231812
1383,2.5481722354888916,1.7822017669677734
1384,2.5580592155456543,1.9503215551376343
1385,2.5612518787384033,1.810028314590454
1386,2.482377052307129,1.7982603311538696
1387,2.5058019161224365,1.9695965051651
1388,2.534229040145874,1.8202011585235596
1389,2.487941265106201,1.8327447175979614
1390,2.4651849269866943,1.815576434135437
1391,2.5770626068115234,1.7847119569778442
1392,2.5233123302459717,1.9544434547424316
1393,2.4929213523864746,1.7884786128997803
1394,2.506301164627075,1.7836823463439941
1395,2.5052754878997803,1.9517146348953247
1396,2.5237903594970703,2.009709119796753
1397,2.5482380390167236,1.8722931146621704
1398,2.526188611984253,1.7934842109680176
1399,2.5741333961486816,1.8278511762619019
1400,2.501683473587036,1.8883439302444458
1401,2.5838615894317627,1.7805564403533936
1402,2.497220039367676,1.7802760601043701
1403,2.494641065597534,1.8762003183364868
1404,2.5186283588409424,2.21822452545166
1405,2.577383518218994,1.7813581228256226
1406,2.511343002319336,1.8341138362884521
1407,2.5293526649475098,1.9899815320968628
1408,2.468350648880005,1.8004592657089233
1409,2.547731876373291,1.7944753170013428
1410,2.523742198944092,1.7912335395812988
1411,2.504343032836914,1.9368208646774292
1412,2.53696346282959,1.8316779136657715
1413,2.549830436706543,1.9213420152664185
1414,2.5150907039642334,1.897066593170166
1415,2.5024020671844482,1.9059611558914185
1416,2.5104620456695557,1.8687013387680054
1417,2.554811477661133,1.7937568426132202
1418,2.526958703994751,1.8059990406036377
1419,2.5512897968292236,2.358468532562256
1420,2.5307857990264893,1.7797166109085083
1421,2.5081074237823486,1.7927120923995972
1422,2.501771926879883,2.0116453170776367
1423,2.4747018814086914,1.8023422956466675
1424,2.525338888168335,1.8128771781921387
1425,2.4947662353515625,1.795107126235962
1426,2.488368511199951,2.326094627380371
1427,2.5374391078948975,2.095970392227173
1428,2.548259735107422,1.8294252157211304
1429,2.504554271697998,1.8115109205245972
1430,2.500241994857788,1.7931452989578247
1431,2.5761196613311768,1.9079769849777222
1432,2.500490665435791,1.8455162048339844
1433,2.5033774375915527,1.9931633472442627
1434,2.541877031326294,2.220459222793579
1435,2.5268352031707764,1.7937697172164917
1436,2.50830340385437,1.7928626537322998
1437,2.5321898460388184,1.7915215492248535
1438,2.5267574787139893,1.823417067527771
1439,2.569500207901001,1.8193821907043457
1440,2.5127010345458984,2.0549516677856445
1441,2.5270278453826904,1.8333767652511597
1442,2.5174293518066406,1.8010865449905396
1443,2.4581148624420166,2.148444652557373
1444,2.5018365383148193,1.8419119119644165
1445,2.574343681335449,1.8658969402313232
1446,2.4990336894989014,1.86016047000885
1447,2.4907846450805664,2.0563807487487793
1448,2.5263140201568604,1.8088133335113525
1449,2.503472328186035,1.785506010055542
1450,2.5465426445007324,1.8602553606033325
1451,2.554093360900879,1.8580918312072754
1452,2.4924519062042236,1.800840973854065
1453,2.5240232944488525,1.995336651802063
1454,2.535557746887207,1.8066637516021729
1455,2.4706740379333496,1.9108086824417114
1456,2.5179004669189453,1.8297961950302124
1457,2.492940664291382,1.8953620195388794
1458,2.535118341445923,1.8707588911056519
1459,2.5184881687164307,1.7901875972747803
1460,2.567736864089966,1.8555210828781128
1461,2.519747257232666,1.8499255180358887
1462,2.499394178390503,1.7815420627593994
1463,2.5196547508239746,2.0156090259552
1464,2.515925168991089,1.782353162765503
1465,2.5172131061553955,1.7987637519836426
1466,2.5121874809265137,1.806243896484375
1467,2.5284111499786377,1.8560811281204224
1468,2.539837121963501,1.781314730644226
1469,2.482070207595825,1.8314703702926636
1470,2.53875732421875,1.9115768671035767
1471,2.499870538711548,1.8361783027648926
1472,2.559629201889038,1.8652746677398682
1473,2.496622323989868,1.794540524482727
1474,2.5425381660461426,1.8291150331497192
1475,2.4613540172576904,2.1842901706695557
1476,2.504772663116455,1.9521329402923584
1477,2.4830689430236816,1.7928831577301025
1478,2.521434783935547,1.8130791187286377
1479,2.5141961574554443,1.789427638053894
1480,2.497643232345581,2.0291974544525146
1481,2.457305908203125,1.7872493267059326
1482,2.441697835922241,1.994995355606079
1483,2.4926559925079346,2.037581443786621
1484,2.5767312049865723,1.7929511070251465
1485,2.520138740539551,1.8405436277389526
1486,2.520641803741455,1.8028768301010132
1487,2.5334222316741943,1.8307480812072754
1488,2.4712860584259033,1.7847682237625122
1489,2.472994565963745,2.1269724369049072
1490,2.5098769664764404,1.779770016670227
1491,2.6037352085113525,1.8247805833816528
1492,2.4985320568084717,1.8488141298294067
1493,2.5573763847351074,1.9155924320220947
1494,2.5386064052581787,1.806350827217102
1495,2.507469892501831,1.8219382762908936
1496,2.5544867515563965,1.8343766927719116
1497,2.555577278137207,2.003429651260376
1498,2.5004220008850098,1.8224296569824219
1499,2.5610928535461426,1.8311213254928589
