epoch,loss,val_loss
0,2.6052799224853516,1.7906209230422974
1,2.573887825012207,1.822938323020935
2,2.6243462562561035,1.8875428438186646
3,2.6242027282714844,3.138761281967163
4,2.6108877658843994,2.1010563373565674
5,2.659118890762329,2.0845987796783447
6,2.5607166290283203,1.8066703081130981
7,2.576770782470703,2.1393613815307617
8,2.6247780323028564,2.5921921730041504
9,2.5683517456054688,1.793600082397461
10,2.6798903942108154,1.9542043209075928
11,2.564626932144165,1.9602570533752441
12,2.5903871059417725,2.251142978668213
13,2.569416046142578,1.9653873443603516
14,2.5711827278137207,1.9298357963562012
15,2.616265058517456,1.8865538835525513
16,2.677260637283325,1.786373496055603
17,2.5935680866241455,1.7854992151260376
18,2.5980637073516846,1.8749258518218994
19,2.628319501876831,1.8211592435836792
20,2.63322377204895,1.9508953094482422
21,2.550304651260376,1.8351402282714844
22,2.5687344074249268,1.8400647640228271
23,2.566129684448242,1.862144112586975
24,2.512988328933716,2.0877339839935303
25,2.6561975479125977,1.7907867431640625
26,2.550157070159912,1.8304022550582886
27,2.558555841445923,1.8286302089691162
28,2.605964183807373,1.908588171005249
29,2.5599727630615234,1.946258783340454
30,2.575490713119507,2.115043878555298
31,2.611973285675049,1.9909318685531616
32,2.5974154472351074,1.8344119787216187
33,2.5973711013793945,1.9483376741409302
34,2.6463372707366943,1.8182495832443237
35,2.531816244125366,1.7905257940292358
36,2.5841104984283447,2.156538724899292
37,2.643800973892212,1.7994459867477417
38,2.6029253005981445,1.8430590629577637
39,2.5997469425201416,1.922363042831421
40,2.63626766204834,2.1262500286102295
41,2.5266611576080322,1.8694490194320679
42,2.809157133102417,1.8242719173431396
43,2.5979292392730713,1.9557071924209595
44,2.6278083324432373,1.8505338430404663
45,2.6037676334381104,1.8365612030029297
46,2.607205629348755,1.944296956062317
47,2.599374771118164,1.8631417751312256
48,2.5516953468322754,1.9402135610580444
49,2.6014788150787354,1.8702858686447144
50,2.542727470397949,1.8967260122299194
51,2.6058449745178223,1.9819711446762085
52,2.5832226276397705,1.7865070104599
53,2.5566537380218506,1.8153057098388672
54,2.6262691020965576,1.8150461912155151
55,2.5338785648345947,1.8403171300888062
56,2.565048933029175,1.8179423809051514
57,2.6161701679229736,1.785959243774414
58,2.6371166706085205,1.8408949375152588
59,2.5642409324645996,1.7960646152496338
60,2.6444437503814697,1.8611843585968018
61,2.547266960144043,1.7863441705703735
62,2.6089229583740234,1.9280277490615845
63,2.564349889755249,2.020998239517212
64,2.6105239391326904,1.8259412050247192
65,2.5904643535614014,1.8401511907577515
66,2.609764814376831,1.7934945821762085
67,2.577136754989624,1.9219313859939575
68,2.5838420391082764,1.78291916847229
69,2.541250705718994,1.8763583898544312
70,2.5217692852020264,1.8692131042480469
71,2.5150086879730225,2.0503628253936768
72,2.6027626991271973,2.717036485671997
73,2.585618257522583,2.3311588764190674
74,2.5697641372680664,1.7898428440093994
75,2.554765462875366,1.7869458198547363
76,2.594466209411621,1.8112915754318237
77,2.5818333625793457,1.882305383682251
78,2.6191670894622803,1.8300889730453491
79,2.57059907913208,1.8026165962219238
80,2.617532253265381,1.9351732730865479
81,2.554009437561035,1.8200266361236572
82,2.584585666656494,1.8779857158660889
83,2.5886754989624023,1.7681251764297485
84,2.597261667251587,1.7919059991836548
85,2.5827925205230713,1.7779083251953125
86,2.5435664653778076,1.8391324281692505
87,2.569042205810547,1.874172329902649
88,2.6289005279541016,2.1084678173065186
89,2.5486042499542236,2.699284315109253
90,2.5293054580688477,1.8521080017089844
91,2.5984838008880615,1.8163496255874634
92,2.6123876571655273,1.9889788627624512
93,2.5958211421966553,1.8579976558685303
94,2.6201395988464355,1.8227180242538452
95,2.6156160831451416,2.4153265953063965
96,2.63775372505188,2.272005558013916
97,2.569758653640747,1.7881280183792114
98,2.5715115070343018,1.8580595254898071
99,2.5119760036468506,1.8161752223968506
100,2.56361722946167,1.838940978050232
101,2.5087385177612305,2.255134105682373
102,2.5750417709350586,1.9546464681625366
103,2.5008645057678223,1.771079659461975
104,2.554830551147461,1.9006848335266113
105,2.536656379699707,1.935785174369812
106,2.575901508331299,1.7735189199447632
107,2.598318338394165,2.176661729812622
108,2.584958076477051,3.0305256843566895
109,2.614563465118408,1.7893480062484741
110,2.5293023586273193,2.926257371902466
111,2.558863639831543,1.7740129232406616
112,2.5162196159362793,1.8110108375549316
113,2.59841251373291,1.9483860731124878
114,2.610487699508667,1.9084614515304565
115,2.5563604831695557,1.976908564567566
116,2.666034460067749,1.8179852962493896
117,2.590238094329834,2.4779856204986572
118,2.5933988094329834,1.803144931793213
119,2.657907247543335,1.9257138967514038
120,2.617438793182373,1.8005410432815552
121,2.531402587890625,1.9100877046585083
122,2.5082380771636963,1.8697298765182495
123,2.52445387840271,1.9537264108657837
124,2.500169515609741,1.875525951385498
125,2.656426429748535,2.041635751724243
126,2.6199707984924316,1.9179869890213013
127,2.528294086456299,2.7821991443634033
128,2.555588483810425,1.8195385932922363
129,2.5411622524261475,1.8670021295547485
130,2.565769672393799,2.2431247234344482
131,2.56469464302063,1.9342068433761597
132,2.618940830230713,1.8059056997299194
133,2.578395366668701,1.818213939666748
134,2.603701114654541,1.809644341468811
135,2.5705342292785645,1.8904873132705688
136,2.564448356628418,1.990234613418579
137,2.6086833477020264,2.1960785388946533
138,2.546659231185913,1.9894766807556152
139,2.6611475944519043,1.8982659578323364
140,2.577524185180664,2.072206974029541
141,2.5863709449768066,1.937099814414978
142,2.5883326530456543,1.8021560907363892
143,2.6435635089874268,1.988813877105713
144,2.573793649673462,1.86310875415802
145,2.587709665298462,2.023062229156494
146,2.5270822048187256,1.8640543222427368
147,2.5726776123046875,1.8975142240524292
148,2.5215580463409424,1.895989179611206
149,2.6205263137817383,1.793995976448059
150,2.558401584625244,1.8588829040527344
151,2.5855374336242676,2.2451329231262207
152,2.6631650924682617,1.7875792980194092
153,2.521697998046875,1.8193250894546509
154,2.643284797668457,2.099245548248291
155,2.524120807647705,1.8220291137695312
156,2.536931037902832,1.866309642791748
157,2.5360188484191895,1.781555414199829
158,2.5359747409820557,1.812694787979126
159,2.5429089069366455,1.838029384613037
160,2.5251305103302,1.9125398397445679
161,2.551124095916748,1.9320533275604248
162,2.5945839881896973,1.8065904378890991
163,2.546431541442871,1.9493521451950073
164,2.6294758319854736,2.09277606010437
165,2.553070545196533,1.8245036602020264
166,2.572524309158325,1.7898660898208618
167,2.547050952911377,2.103065252304077
168,2.6113624572753906,1.8210952281951904
169,2.5942137241363525,1.809579849243164
170,2.525998830795288,1.9043575525283813
171,2.546104669570923,1.828389048576355
172,2.518080711364746,1.920088291168213
173,2.528930902481079,1.9069650173187256
174,2.5144636631011963,1.7925753593444824
175,2.541940927505493,1.997491478919983
176,2.5775537490844727,2.038022041320801
177,2.5316507816314697,1.8492697477340698
178,2.518810987472534,1.8154963254928589
179,2.5500149726867676,1.9995447397232056
180,2.597846508026123,2.0059590339660645
181,2.5588207244873047,2.053123950958252
182,2.558011770248413,1.85197913646698
183,2.596261978149414,1.9644019603729248
184,2.499621868133545,1.8047951459884644
185,2.5322647094726562,1.833945393562317
186,2.4901914596557617,2.2490735054016113
187,2.5748450756073,1.8072419166564941
188,2.522718906402588,1.8579622507095337
189,2.5565342903137207,2.1601321697235107
190,2.549670457839966,1.8737155199050903
191,2.5567514896392822,1.8804842233657837
192,2.573082685470581,1.821457028388977
193,2.5322701930999756,2.145216226577759
194,2.530367136001587,1.956081748008728
195,2.5495545864105225,1.9435093402862549
196,2.6662843227386475,1.821315050125122
197,2.5411720275878906,1.852259874343872
198,2.5150086879730225,1.920844316482544
199,2.5714917182922363,1.8399313688278198
