epoch,loss,val_loss
0,2.7841148376464844,1.9556407928466797
1,2.6728320121765137,2.268686056137085
2,2.588481903076172,1.8104647397994995
3,2.6172094345092773,2.0543856620788574
4,2.5897676944732666,1.9722648859024048
5,2.6469857692718506,1.8201792240142822
6,2.7049403190612793,1.9054901599884033
7,2.638272762298584,1.841002345085144
8,2.66438889503479,2.018155097961426
9,2.751573324203491,2.1018495559692383
10,2.6223511695861816,2.0917060375213623
11,2.6670193672180176,1.807842493057251
12,2.6311893463134766,1.8378565311431885
13,2.6299502849578857,2.390030860900879
14,2.7367851734161377,1.9852073192596436
15,2.6780383586883545,1.8853793144226074
16,2.616351366043091,1.8982731103897095
17,2.6910665035247803,1.8473929166793823
18,2.5855143070220947,1.9922367334365845
19,2.6767637729644775,1.8290094137191772
20,2.56860089302063,1.7999695539474487
21,2.587810754776001,1.7980486154556274
22,2.650902271270752,1.8041962385177612
23,2.6168267726898193,2.1948442459106445
24,2.668466567993164,2.0148024559020996
25,2.619905948638916,2.6162807941436768
26,2.641268014907837,2.050833225250244
27,2.657167911529541,2.1937594413757324
28,2.5616559982299805,2.2585575580596924
29,2.685490369796753,2.759697914123535
30,2.716665506362915,1.8636116981506348
31,2.5798709392547607,1.8194013833999634
32,2.655754566192627,1.8431297540664673
33,2.6386401653289795,2.131993293762207
34,2.6759703159332275,1.82003915309906
35,2.599358320236206,2.1104493141174316
36,2.5881004333496094,1.8516169786453247
37,2.728790283203125,2.4659006595611572
38,2.557518482208252,1.9210659265518188
39,2.628098487854004,2.051342010498047
40,2.5679919719696045,1.8284014463424683
41,2.632236957550049,1.8566267490386963
42,2.748295783996582,1.8589431047439575
43,2.6640946865081787,1.8017174005508423
44,2.6408374309539795,1.7846064567565918
45,2.676649332046509,1.9423829317092896
46,2.672558069229126,1.8640974760055542
47,2.729905843734741,1.9037983417510986
48,2.7194936275482178,1.8053624629974365
49,2.6954739093780518,2.170504331588745
50,2.639061450958252,1.791609287261963
51,2.6674323081970215,1.7926539182662964
52,2.6354825496673584,1.8171151876449585
53,2.662846565246582,2.0384297370910645
54,2.611243486404419,1.7948435544967651
55,2.642167091369629,1.881542444229126
56,2.6669719219207764,1.7985804080963135
57,2.575784206390381,1.8109122514724731
58,2.592409372329712,1.8611499071121216
59,2.5494697093963623,1.9587864875793457
60,2.6477999687194824,2.201712131500244
61,2.54296612739563,1.8490080833435059
62,2.5798189640045166,1.9315580129623413
63,2.66593861579895,2.9322545528411865
64,2.653371572494507,1.8803455829620361
65,2.625767946243286,1.787484884262085
66,2.619581937789917,2.027672529220581
67,2.653299570083618,1.8017075061798096
68,2.629105567932129,1.869975209236145
69,2.581993579864502,2.032811403274536
70,2.6103110313415527,1.9203286170959473
71,2.6488726139068604,1.8790634870529175
72,2.722709894180298,1.9615141153335571
73,2.644181966781616,1.8927185535430908
74,2.624399185180664,2.0876574516296387
75,2.641281843185425,2.215179443359375
76,2.6384711265563965,2.063588857650757
77,2.5767550468444824,1.7922730445861816
78,2.6203062534332275,1.9686397314071655
79,2.5968782901763916,2.391857385635376
80,2.5375046730041504,1.9678292274475098
81,2.6668503284454346,1.9629254341125488
82,2.6604161262512207,2.1680784225463867
83,2.621968984603882,2.0254600048065186
84,2.6650230884552,1.839345932006836
85,2.602585792541504,1.8368078470230103
86,2.543860673904419,1.813997745513916
87,2.594914436340332,1.8495382070541382
88,2.56000018119812,1.9718374013900757
89,2.5963797569274902,2.043071985244751
90,2.582615852355957,1.792747974395752
91,2.6111631393432617,1.8218142986297607
92,2.6228127479553223,1.8667981624603271
93,2.570633888244629,2.3529043197631836
94,2.575730800628662,1.9769515991210938
95,2.6221702098846436,1.8157352209091187
96,2.6133763790130615,1.8887728452682495
97,2.5310051441192627,1.8295514583587646
98,2.6212024688720703,1.8427647352218628
99,2.626357078552246,1.9530729055404663
