epoch,loss,val_loss
0,2.7515370845794678,2.4912259578704834
1,2.668888568878174,2.058974266052246
2,2.696512222290039,1.9448165893554688
3,2.786196708679199,1.9247322082519531
4,2.63226318359375,1.8433736562728882
5,2.7726175785064697,2.031318187713623
6,2.6996257305145264,1.812592625617981
7,2.7323620319366455,1.9868979454040527
8,2.645948886871338,1.8757203817367554
9,2.723113536834717,1.8636239767074585
10,2.7569308280944824,1.8195596933364868
11,2.6648213863372803,2.637030601501465
12,2.6818349361419678,1.8566715717315674
13,2.7395269870758057,1.912832260131836
14,2.656301736831665,1.8435503244400024
15,2.6871979236602783,1.9413750171661377
16,2.6611862182617188,1.8127949237823486
17,2.5812582969665527,2.2545456886291504
18,2.68947696685791,2.099187135696411
19,2.698638677597046,2.037914276123047
20,2.6349451541900635,1.9192949533462524
21,2.684797763824463,1.8809380531311035
22,2.753196954727173,2.102695941925049
23,2.6354281902313232,1.8339451551437378
24,2.7649343013763428,2.8380777835845947
25,2.7121376991271973,1.842877745628357
26,2.7886011600494385,1.8064066171646118
27,2.7039668560028076,2.283642530441284
28,2.6583902835845947,2.4599101543426514
29,2.698298215866089,1.8298202753067017
30,2.635953664779663,2.4259073734283447
31,2.633423328399658,2.002739906311035
32,2.674495220184326,2.802976369857788
33,2.6784508228302,2.006754159927368
34,2.7091171741485596,2.263482093811035
35,2.667273998260498,1.9983234405517578
36,2.656416893005371,2.153132677078247
37,2.728837013244629,1.9246326684951782
38,2.658773183822632,1.9031919240951538
39,2.6442790031433105,2.680616855621338
40,2.6302361488342285,2.2049131393432617
41,2.705214023590088,1.877304196357727
42,2.668491840362549,1.8917202949523926
43,2.615743637084961,1.840851902961731
44,2.7133407592773438,1.8080334663391113
45,2.5966782569885254,2.13864803314209
46,2.597980499267578,1.8360230922698975
47,2.655235528945923,1.7991969585418701
48,2.6802027225494385,1.8007432222366333
49,2.6460723876953125,1.789852261543274
