epoch,loss,val_loss
0,2.870788097381592,1.8158522844314575
1,2.8108599185943604,2.0963704586029053
2,2.734135150909424,1.9769017696380615
3,2.7864181995391846,2.032984495162964
4,2.7988498210906982,1.9800599813461304
5,2.779963731765747,1.9197176694869995
6,2.699061632156372,1.8212864398956299
7,2.7288718223571777,2.064251184463501
8,2.7591428756713867,1.9477046728134155
9,2.7086167335510254,1.8445359468460083
10,2.709803581237793,2.0528359413146973
11,2.8286073207855225,1.8762980699539185
12,2.74063777923584,2.6944520473480225
13,2.811643362045288,2.1825642585754395
14,2.703099489212036,2.1018166542053223
15,2.7245523929595947,2.4835259914398193
16,2.6319773197174072,1.8269920349121094
17,2.721869468688965,1.9732043743133545
18,2.731344223022461,1.8451592922210693
19,2.6578664779663086,1.831986904144287
20,2.755434513092041,2.026775360107422
21,2.7315547466278076,2.3062338829040527
22,2.7716307640075684,2.639841318130493
23,2.7391345500946045,1.9776196479797363
24,2.775003433227539,1.8042722940444946
