epoch,loss,val_loss
0,10.25368881225586,2.705801486968994
1,5.299437046051025,3.328786611557007
2,5.380463123321533,3.681072473526001
3,5.265069007873535,2.502418279647827
4,4.7954888343811035,6.07567834854126
5,4.747446537017822,4.828834056854248
6,4.958227157592773,3.4419875144958496
7,5.034020900726318,4.027796745300293
8,4.552967071533203,2.695403575897217
9,4.5499467849731445,2.1432912349700928
10,4.691430568695068,5.915828227996826
11,4.134927272796631,2.842630624771118
12,4.823266506195068,4.559990882873535
13,3.8500094413757324,1.9435231685638428
14,3.760877847671509,2.116403341293335
15,3.9053540229797363,2.019313097000122
16,3.9690756797790527,1.9292819499969482
17,3.5018937587738037,2.4193506240844727
18,3.8962271213531494,2.6176135540008545
19,3.8473012447357178,3.1561279296875
20,3.457043409347534,4.350367069244385
21,3.45158314704895,1.9135795831680298
22,3.4270174503326416,2.3644518852233887
23,3.343751907348633,2.3442656993865967
24,3.3306782245635986,2.276329517364502
25,3.4343576431274414,2.1665124893188477
26,3.24448299407959,1.9032187461853027
27,3.3701908588409424,2.7080564498901367
28,3.24603009223938,1.8144477605819702
29,3.2680912017822266,2.2754945755004883
30,3.279611587524414,2.232300281524658
31,3.0930416584014893,3.0156562328338623
32,3.1351733207702637,2.0650532245635986
33,3.312835931777954,2.5618674755096436
34,3.3446452617645264,2.3679301738739014
35,3.2528347969055176,2.02494215965271
36,3.0074071884155273,2.5877459049224854
37,3.3459720611572266,1.9324324131011963
38,3.082143545150757,2.4916090965270996
39,3.11082124710083,2.080674648284912
40,3.3740131855010986,4.307771682739258
41,3.2026009559631348,2.2943246364593506
42,3.063964605331421,1.8691127300262451
43,3.1580042839050293,1.8446323871612549
44,3.0000040531158447,1.8088034391403198
45,3.206216812133789,1.8926129341125488
46,2.976759910583496,2.1048836708068848
47,3.024345636367798,1.8654732704162598
48,3.098362445831299,1.8278977870941162
49,3.0315730571746826,1.7957602739334106
50,3.03558349609375,3.462695360183716
51,2.98041033744812,2.020289659500122
52,3.164109706878662,1.923534631729126
53,2.9680397510528564,2.325753688812256
54,3.242663621902466,2.1678950786590576
55,3.0015814304351807,1.829203486442566
56,2.9517149925231934,4.038684844970703
57,3.0434374809265137,2.105006217956543
58,2.79325795173645,1.78590989112854
59,2.9038197994232178,1.899381399154663
60,2.895503044128418,2.0241668224334717
61,2.978402853012085,1.8394759893417358
62,3.0197060108184814,1.8555909395217896
63,3.0219507217407227,2.550647735595703
64,2.8566458225250244,1.8190182447433472
65,2.7952158451080322,1.817193627357483
66,2.984219789505005,2.4823782444000244
67,2.8951475620269775,3.1054625511169434
68,2.9213156700134277,1.8878172636032104
69,2.945566177368164,2.0294673442840576
70,3.158026695251465,4.851039409637451
71,2.913422107696533,2.1713507175445557
72,2.873344659805298,1.8187141418457031
73,2.913633346557617,1.989314317703247
74,2.900569438934326,1.8000532388687134
75,2.807068347930908,2.049992322921753
76,3.024998664855957,1.8790069818496704
77,2.9249801635742188,2.246469020843506
78,2.869495391845703,2.096282482147217
79,3.085395574569702,2.020176887512207
80,2.7930212020874023,1.8776839971542358
81,2.86503005027771,1.7930562496185303
82,2.9336307048797607,1.8705965280532837
83,2.92160964012146,1.8699016571044922
84,2.8721914291381836,2.256448268890381
85,2.9639370441436768,1.9686286449432373
86,2.88725209236145,1.9997897148132324
87,2.747375965118408,1.840466022491455
88,2.8206992149353027,1.8743551969528198
89,2.776937246322632,2.466782569885254
90,2.9173169136047363,2.1953463554382324
91,2.9460718631744385,3.0275561809539795
92,2.9391021728515625,2.041020631790161
93,2.7602756023406982,1.8380119800567627
94,2.89263653755188,1.7974923849105835
95,2.8800995349884033,1.801787257194519
96,2.6973917484283447,1.800469994544983
97,2.8049991130828857,1.7999155521392822
98,2.984114408493042,1.9488415718078613
99,2.858808994293213,1.9998739957809448
100,3.076082706451416,1.9194046258926392
101,2.9722976684570312,1.8455642461776733
102,2.7856500148773193,1.8391553163528442
103,2.795050621032715,1.811506986618042
104,3.0837209224700928,1.8355122804641724
105,2.908531427383423,1.9917055368423462
106,2.837911605834961,1.8060648441314697
107,2.839458703994751,2.146073341369629
108,3.0084502696990967,1.8147697448730469
109,2.830695152282715,1.7947341203689575
110,2.8736538887023926,2.0731778144836426
111,2.9086074829101562,2.262284278869629
112,2.891707181930542,1.8773680925369263
113,2.8627843856811523,2.3090896606445312
114,2.969515085220337,1.8268697261810303
115,2.8717002868652344,1.8247642517089844
116,2.8674511909484863,1.789878487586975
117,2.9158167839050293,1.832823395729065
118,2.7559287548065186,1.7945986986160278
119,2.8344008922576904,1.974103569984436
120,2.8495476245880127,1.7995072603225708
121,2.8092455863952637,1.8380051851272583
122,2.8310844898223877,2.0699450969696045
123,2.8404648303985596,1.9811100959777832
124,2.747056722640991,1.851012945175171
125,2.86116099357605,3.960237741470337
126,2.7308852672576904,1.792236566543579
127,2.7534570693969727,1.939823865890503
128,2.7883434295654297,2.1524131298065186
129,2.8320505619049072,1.7934943437576294
130,2.8004961013793945,1.7889771461486816
131,2.7513327598571777,2.0329692363739014
132,2.8946597576141357,1.7995491027832031
133,2.714007616043091,1.826921820640564
134,2.8916375637054443,2.090970516204834
135,2.80680775642395,2.3646185398101807
136,2.761026620864868,1.8609548807144165
137,2.81005597114563,2.14557147026062
138,2.612419843673706,2.17069935798645
139,2.7071990966796875,1.8191930055618286
140,2.732980251312256,1.792946696281433
141,2.959773540496826,2.8522183895111084
142,2.924309492111206,1.878987193107605
143,2.78995418548584,2.1913793087005615
144,2.809450626373291,1.8325430154800415
145,2.970881223678589,2.0836102962493896
146,2.8050081729888916,2.189389228820801
147,2.7925050258636475,1.7928581237792969
148,2.737429618835449,2.0250837802886963
149,2.96238374710083,1.8259429931640625
150,2.8697261810302734,1.7946453094482422
151,2.707596778869629,1.8368217945098877
152,2.726768970489502,1.968349814414978
153,2.6883676052093506,2.648648977279663
154,2.7611329555511475,2.0393331050872803
155,2.9602601528167725,1.8553386926651
156,2.8360044956207275,2.0557668209075928
157,2.7137885093688965,2.1292810440063477
158,2.686511993408203,2.389604091644287
159,2.666682243347168,1.8580527305603027
160,2.748504400253296,1.8236825466156006
161,2.754380226135254,1.833055019378662
162,2.7015647888183594,1.95706045627594
163,2.81474232673645,2.5720367431640625
164,2.723877191543579,1.7862192392349243
165,2.791891574859619,2.08323335647583
166,2.6865220069885254,1.797815203666687
167,2.648862838745117,1.8066284656524658
168,2.7593834400177,1.9064536094665527
169,2.724363088607788,1.9198591709136963
170,2.775014638900757,1.8880654573440552
171,2.714895009994507,2.1731441020965576
172,2.699153184890747,1.8895070552825928
173,2.7471566200256348,2.256312608718872
174,2.804790735244751,1.8632060289382935
175,2.7812294960021973,1.784075379371643
176,2.768855333328247,1.9245644807815552
177,2.8046061992645264,1.9285792112350464
178,2.6587326526641846,1.8109222650527954
179,2.75757098197937,2.694995641708374
180,2.707786798477173,1.9387952089309692
181,2.64981746673584,1.7910640239715576
182,2.8058969974517822,1.8057705163955688
183,2.7642831802368164,1.8846544027328491
184,2.711235284805298,1.8318384885787964
185,2.609099864959717,2.1826374530792236
186,2.776575803756714,1.7831206321716309
187,2.6288440227508545,2.007697582244873
188,2.6421360969543457,1.7916985750198364
189,2.640699625015259,1.779730200767517
190,2.7844576835632324,2.0518994331359863
191,2.695026159286499,1.7809889316558838
192,2.669062614440918,1.9043712615966797
193,2.6821177005767822,1.7833195924758911
194,2.6942384243011475,1.87571120262146
195,2.7046852111816406,1.8085530996322632
196,2.5598230361938477,1.781383752822876
197,2.689828395843506,1.8016717433929443
198,2.664494037628174,1.8845428228378296
199,2.676450252532959,2.286440134048462
200,2.7347750663757324,3.1972124576568604
201,2.749302864074707,1.8063849210739136
202,2.609513521194458,1.7740483283996582
203,2.7861831188201904,1.7833601236343384
204,2.6957809925079346,2.0579025745391846
205,2.6712934970855713,1.7755358219146729
206,2.690819263458252,2.2419183254241943
207,2.750779867172241,2.0884737968444824
208,2.7284247875213623,2.049156665802002
209,2.783520221710205,1.9315898418426514
210,2.8308327198028564,1.8173909187316895
211,2.690864324569702,1.7879716157913208
212,2.6673495769500732,1.9696600437164307
213,2.6641480922698975,1.854119062423706
214,2.8482680320739746,1.8009909391403198
215,2.731443405151367,1.9495676755905151
216,2.823200225830078,2.1217551231384277
217,2.728026866912842,1.967799425125122
218,2.811842679977417,2.043006420135498
219,2.7642977237701416,1.7764365673065186
220,2.675985097885132,1.9119393825531006
221,2.6496596336364746,1.7952399253845215
222,2.8003756999969482,1.9043155908584595
223,2.7368109226226807,2.0047929286956787
224,2.769239664077759,1.7725272178649902
225,2.709218978881836,1.7983899116516113
226,2.6976118087768555,2.0103890895843506
227,2.7036666870117188,1.7925798892974854
228,2.6821370124816895,1.984142780303955
229,2.7073216438293457,1.7814055681228638
230,2.724308967590332,2.0579097270965576
231,2.697335958480835,2.1166043281555176
232,2.6130080223083496,2.0465970039367676
233,2.673321485519409,1.7843565940856934
234,2.5998692512512207,1.797911524772644
235,2.674604892730713,2.0362777709960938
236,2.606999635696411,2.231645107269287
237,2.685600519180298,1.775655746459961
238,2.702178716659546,1.7870312929153442
239,2.7641685009002686,1.8737694025039673
240,2.7848153114318848,1.9670823812484741
241,2.692701816558838,1.904448390007019
242,2.6463801860809326,2.304042339324951
243,2.710613250732422,1.817659854888916
244,2.692312002182007,1.8568527698516846
245,2.64385724067688,2.3108270168304443
246,2.6458663940429688,1.9725180864334106
247,2.746079444885254,1.7885421514511108
248,2.6973280906677246,1.9994559288024902
249,2.680431365966797,2.21744441986084
250,2.692486524581909,1.8325421810150146
251,2.7272837162017822,1.8223917484283447
252,2.6760547161102295,1.8409135341644287
253,2.6445209980010986,1.77955162525177
254,2.6981630325317383,1.9211840629577637
255,2.702054738998413,2.0492963790893555
256,2.7034478187561035,1.9718806743621826
257,2.6343631744384766,2.064995288848877
258,2.6469967365264893,1.801429271697998
259,2.7244372367858887,1.9899804592132568
260,2.588923454284668,1.9438555240631104
261,2.729357957839966,1.8318679332733154
262,2.642425537109375,2.182687282562256
263,2.6220850944519043,2.287450075149536
264,2.642216205596924,1.8194544315338135
265,2.5768001079559326,1.9918378591537476
266,2.656264066696167,1.7920243740081787
267,2.719748020172119,1.8389123678207397
268,2.6708426475524902,2.2264404296875
269,2.658822536468506,1.930738091468811
270,2.630023241043091,2.1305196285247803
271,2.633646011352539,1.90276300907135
272,2.63429594039917,1.7955317497253418
273,2.6493520736694336,2.080223560333252
274,2.7506966590881348,1.777844786643982
275,2.6268129348754883,1.806193470954895
276,2.5796804428100586,1.8011929988861084
277,2.6590328216552734,1.7932056188583374
278,2.6241567134857178,1.7709366083145142
279,2.6209070682525635,1.9032574892044067
280,2.5319225788116455,1.8846091032028198
281,2.6069142818450928,1.977381944656372
282,2.58829927444458,2.173175811767578
283,2.666619062423706,1.78571617603302
284,2.588456392288208,1.8080226182937622
285,2.6912717819213867,1.8586350679397583
286,2.713127374649048,1.8027808666229248
287,2.6434755325317383,2.0484459400177
288,2.66715931892395,1.8138692378997803
289,2.576364040374756,1.7769118547439575
290,2.6055729389190674,1.779111623764038
291,2.682499885559082,1.8871800899505615
292,2.633312702178955,1.9671547412872314
293,2.6432578563690186,1.8701575994491577
294,2.711284637451172,1.8248610496520996
295,2.5879788398742676,1.8480072021484375
296,2.6910171508789062,2.20361328125
297,2.5904970169067383,1.7976365089416504
298,2.6306092739105225,1.8496687412261963
299,2.5962977409362793,1.9418442249298096
300,2.627293825149536,2.609624147415161
301,2.658865213394165,1.9566794633865356
302,2.6599228382110596,2.3643651008605957
303,2.6138598918914795,1.7937290668487549
304,2.7088282108306885,1.7949135303497314
305,2.618279218673706,1.983670711517334
306,2.6530234813690186,1.7842433452606201
307,2.6409075260162354,1.7737740278244019
308,2.6309709548950195,1.7787044048309326
309,2.608981132507324,1.9517556428909302
310,2.6192166805267334,1.9959375858306885
311,2.696917772293091,1.8977551460266113
312,2.552208423614502,1.992197871208191
313,2.6040730476379395,1.8281490802764893
314,2.710606813430786,1.768851637840271
315,2.6366353034973145,1.9230693578720093
316,2.571983814239502,2.026904821395874
317,2.6521739959716797,1.822438359260559
318,2.600032091140747,1.81788170337677
319,2.652503490447998,1.7842481136322021
320,2.6999099254608154,1.8427797555923462
321,2.7115275859832764,1.8496655225753784
322,2.5930159091949463,1.7996896505355835
323,2.586334466934204,1.9350820779800415
324,2.5816779136657715,1.8229925632476807
325,2.590346574783325,1.8744678497314453
326,2.5912563800811768,1.9007530212402344
327,2.5982959270477295,1.8271187543869019
328,2.5644330978393555,1.8806874752044678
329,2.5759449005126953,1.8277462720870972
330,2.574998378753662,1.9441413879394531
331,2.5835752487182617,1.7761636972427368
332,2.5667386054992676,2.083897590637207
333,2.599912405014038,1.8021787405014038
334,2.57009220123291,1.7796541452407837
335,2.6229894161224365,1.926951289176941
336,2.750260353088379,2.0213911533355713
337,2.602921724319458,1.7932610511779785
338,2.6281418800354004,1.8390127420425415
339,2.621297597885132,1.9057061672210693
340,2.564993381500244,1.8306479454040527
341,2.6080164909362793,1.8981939554214478
342,2.5770299434661865,1.8969366550445557
343,2.7338778972625732,1.776416301727295
344,2.604144334793091,1.8651665449142456
345,2.712254285812378,1.779419183731079
346,2.6513307094573975,1.8662101030349731
347,2.5945987701416016,1.8450322151184082
348,2.6334967613220215,1.7814438343048096
349,2.585261344909668,2.4461445808410645
350,2.6882150173187256,1.8703733682632446
351,2.583073377609253,2.0608201026916504
352,2.5619378089904785,1.7897905111312866
353,2.5915615558624268,1.7919191122055054
354,2.608050584793091,2.036965847015381
355,2.684450387954712,1.7866424322128296
356,2.6931936740875244,1.8915252685546875
357,2.770914316177368,1.7804396152496338
358,2.5940303802490234,1.9262574911117554
359,2.6516315937042236,1.833506464958191
360,2.6058549880981445,1.778646469116211
361,2.6502268314361572,1.803134799003601
362,2.5786454677581787,1.7778151035308838
363,2.682722806930542,1.9297007322311401
364,2.666837453842163,1.9474247694015503
365,2.575124740600586,1.8298799991607666
366,2.5885531902313232,1.7823765277862549
367,2.568932294845581,1.9242701530456543
368,2.6665360927581787,1.819907546043396
369,2.6260130405426025,2.0391082763671875
370,2.669826030731201,1.8374390602111816
371,2.607224702835083,1.8594187498092651
372,2.6766886711120605,1.9127154350280762
373,2.6876754760742188,2.0040366649627686
374,2.6643574237823486,2.0505576133728027
375,2.6771175861358643,1.9454272985458374
376,2.6531574726104736,1.8312206268310547
377,2.6124701499938965,1.8793874979019165
378,2.6518001556396484,1.7702006101608276
379,2.5496342182159424,1.7865054607391357
380,2.61784029006958,1.7920736074447632
381,2.6876211166381836,1.7968779802322388
382,2.590876817703247,1.77643620967865
383,2.64194393157959,1.7745012044906616
384,2.5599308013916016,1.9227142333984375
385,2.6260290145874023,1.7690730094909668
386,2.5991621017456055,1.8439910411834717
387,2.5964365005493164,1.9309275150299072
388,2.629267930984497,1.807077169418335
389,2.5863044261932373,2.2608351707458496
390,2.6750872135162354,1.808815598487854
391,2.6321256160736084,2.3783812522888184
392,2.6804378032684326,1.7733319997787476
393,2.576775550842285,2.336341381072998
394,2.585139751434326,1.8082259893417358
395,2.580590009689331,1.9665849208831787
396,2.599912166595459,1.8133171796798706
397,2.6082923412323,1.9597004652023315
398,2.5731260776519775,1.94118070602417
399,2.6673636436462402,1.7846044301986694
400,2.618201494216919,2.051100254058838
401,2.578303337097168,1.777879238128662
402,2.656867504119873,1.8494924306869507
403,2.6214263439178467,1.786197543144226
404,2.577139377593994,2.0875673294067383
405,2.627852439880371,1.9846668243408203
406,2.6135010719299316,1.8519266843795776
407,2.602374792098999,1.8597164154052734
408,2.671041965484619,1.7855994701385498
409,2.6351821422576904,1.9570006132125854
410,2.628570556640625,2.094667673110962
411,2.6539223194122314,1.8514957427978516
412,2.6228890419006348,1.9512890577316284
413,2.6039342880249023,1.7945008277893066
414,2.575610637664795,1.7979896068572998
415,2.5977799892425537,1.8325015306472778
416,2.6717796325683594,2.095842123031616
417,2.6187338829040527,1.9391627311706543
418,2.602933168411255,1.7729753255844116
419,2.627872943878174,1.7879475355148315
420,2.6422626972198486,2.183541774749756
421,2.7141053676605225,1.8101879358291626
422,2.654240846633911,2.56841778755188
423,2.663503885269165,1.8219101428985596
424,2.600335121154785,1.9432321786880493
425,2.6618056297302246,1.776536464691162
426,2.540236234664917,1.7819085121154785
427,2.593153953552246,1.957231879234314
428,2.6496450901031494,2.1473257541656494
429,2.6501808166503906,1.7905595302581787
430,2.632152557373047,1.774402141571045
431,2.6593611240386963,1.8548190593719482
432,2.690868854522705,1.8514479398727417
433,2.683507204055786,2.0363287925720215
434,2.5893986225128174,1.781728982925415
435,2.6823582649230957,1.8357750177383423
436,2.571655035018921,3.2129592895507812
437,2.706218719482422,2.286877393722534
438,2.588284492492676,1.8706270456314087
439,2.634192943572998,1.7957733869552612
440,2.686387538909912,2.164841651916504
441,2.6054439544677734,2.3248674869537354
442,2.6845030784606934,2.059384822845459
443,2.6809017658233643,1.8061915636062622
444,2.624616861343384,1.7877658605575562
445,2.7295682430267334,2.3293380737304688
446,2.6765811443328857,1.9000802040100098
447,2.669600486755371,2.005650043487549
448,2.5888612270355225,2.0767390727996826
449,2.6756393909454346,1.7980258464813232
450,2.566662073135376,1.783649206161499
451,2.6170547008514404,1.8762623071670532
452,2.529329776763916,1.913291573524475
453,2.633538246154785,1.851858377456665
454,2.575922966003418,1.7778135538101196
455,2.6510202884674072,1.8871866464614868
456,2.5834996700286865,1.8263237476348877
457,2.603402853012085,1.8481204509735107
458,2.60245943069458,1.8211685419082642
459,2.579864263534546,2.1743195056915283
460,2.702550172805786,1.9516128301620483
461,2.716010093688965,1.8337737321853638
462,2.6196327209472656,1.7855061292648315
463,2.689075231552124,1.9880863428115845
464,2.6364951133728027,1.9433537721633911
465,2.6870217323303223,1.9642218351364136
466,2.6411612033843994,1.9481059312820435
467,2.6424014568328857,1.7861353158950806
468,2.589172840118408,1.8236069679260254
469,2.599365234375,1.8718827962875366
470,2.699603319168091,2.1016855239868164
471,2.6068317890167236,2.080024003982544
472,2.655564069747925,1.826119303703308
473,2.6996912956237793,1.7725565433502197
474,2.590885877609253,1.7926819324493408
475,2.6950392723083496,2.0964088439941406
476,2.6812551021575928,1.823373556137085
477,2.673034906387329,1.808857798576355
478,2.6627540588378906,1.7757904529571533
479,2.634106159210205,2.2448954582214355
480,2.643974542617798,2.018782615661621
481,2.600489854812622,2.3655378818511963
482,2.6830806732177734,1.7832919359207153
483,2.6674916744232178,2.010079860687256
484,2.7045280933380127,1.9162139892578125
485,2.654357671737671,2.334480047225952
486,2.582278251647949,1.9312986135482788
487,2.5764544010162354,1.7922784090042114
488,2.5948407649993896,1.8009202480316162
489,2.731353998184204,2.713923692703247
490,2.673672676086426,1.8005237579345703
491,2.6156041622161865,1.8488394021987915
492,2.6161611080169678,2.036855459213257
493,2.646878480911255,2.035700559616089
494,2.6124491691589355,1.8358763456344604
495,2.636178493499756,2.0305593013763428
496,2.6467838287353516,1.8425534963607788
497,2.654547929763794,1.8410115242004395
498,2.5840890407562256,2.0120136737823486
499,2.63692307472229,1.8762775659561157
500,2.5663063526153564,1.8977940082550049
501,2.6107442378997803,1.9743151664733887
502,2.6545286178588867,1.7957152128219604
503,2.5977256298065186,2.015897035598755
504,2.7263920307159424,1.7891029119491577
505,2.626553773880005,1.9298206567764282
506,2.71357798576355,1.9463081359863281
507,2.5539302825927734,1.8270431756973267
508,2.5852277278900146,1.8360296487808228
509,2.647048234939575,1.8603274822235107
510,2.6101245880126953,1.7785815000534058
511,2.631690263748169,1.9745922088623047
512,2.630941390991211,1.9437381029129028
513,2.611964464187622,2.4008588790893555
514,2.677088975906372,1.787829041481018
515,2.552736520767212,1.903558611869812
516,2.635944128036499,1.8435853719711304
517,2.6788134574890137,2.409696340560913
518,2.6692662239074707,1.8642321825027466
519,2.6271626949310303,2.4586756229400635
520,2.638603925704956,1.8524956703186035
521,2.6066699028015137,1.990545630455017
522,2.5790045261383057,1.8100337982177734
523,2.5947999954223633,1.825927495956421
524,2.5992443561553955,2.0217065811157227
525,2.6261637210845947,2.363577127456665
526,2.5745129585266113,1.8005110025405884
527,2.6287732124328613,1.9132556915283203
528,2.605050802230835,1.7852790355682373
529,2.699702739715576,1.847408652305603
530,2.5685341358184814,1.8668264150619507
531,2.638977527618408,2.19671630859375
532,2.611424207687378,1.8984837532043457
533,2.6130740642547607,1.8253127336502075
534,2.675398111343384,1.8977298736572266
535,2.5362226963043213,1.828133463859558
536,2.647277593612671,1.7865550518035889
537,2.605714797973633,1.8287514448165894
538,2.6082470417022705,1.93197500705719
539,2.6599528789520264,1.7849034070968628
540,2.6363048553466797,1.9736465215682983
541,2.5833797454833984,1.9836171865463257
542,2.5808725357055664,2.4159367084503174
543,2.684175729751587,1.8189176321029663
544,2.6564695835113525,1.7742501497268677
545,2.5890815258026123,2.0790698528289795
546,2.6462230682373047,1.832545518875122
547,2.671422004699707,2.0590240955352783
548,2.691985845565796,1.8614007234573364
549,2.6220366954803467,1.7729551792144775
550,2.687809467315674,1.9144110679626465
551,2.540665864944458,1.7875503301620483
552,2.616899013519287,1.975507378578186
553,2.6270501613616943,1.8015739917755127
554,2.639292001724243,2.301520347595215
555,2.5958783626556396,1.8287009000778198
556,2.5667269229888916,1.781355381011963
557,2.659172773361206,1.9847849607467651
558,2.673083543777466,1.830038070678711
559,2.61806583404541,1.8796179294586182
560,2.582045316696167,1.9345966577529907
561,2.5497844219207764,1.798970103263855
562,2.6381139755249023,2.047919511795044
563,2.6801421642303467,1.8900216817855835
564,2.624380111694336,1.7837101221084595
565,2.5766053199768066,1.8569501638412476
566,2.607983350753784,2.3780062198638916
567,2.7425358295440674,1.7973889112472534
568,2.5986201763153076,1.9573261737823486
569,2.66987681388855,1.9705740213394165
570,2.6044042110443115,1.9398553371429443
571,2.631744384765625,1.8552509546279907
572,2.565854072570801,1.8082940578460693
573,2.620927572250366,1.9157564640045166
574,2.628685712814331,1.8619678020477295
575,2.5659539699554443,1.775411605834961
576,2.5998549461364746,1.7926907539367676
577,2.636481523513794,1.903058648109436
578,2.682917833328247,2.13156795501709
579,2.574784994125366,1.9590917825698853
580,2.607802152633667,1.9385521411895752
581,2.5631494522094727,1.922227144241333
582,2.6336958408355713,1.8978713750839233
583,2.5854122638702393,2.282805919647217
584,2.603238821029663,2.0248098373413086
585,2.5683047771453857,1.8549655675888062
586,2.6214914321899414,1.8306472301483154
587,2.6676275730133057,1.7836130857467651
588,2.709299087524414,1.7981646060943604
589,2.6657159328460693,1.8481581211090088
590,2.658226490020752,1.8148930072784424
591,2.5723960399627686,1.8236852884292603
592,2.6369736194610596,2.8630244731903076
593,2.643740177154541,1.8943359851837158
594,2.6753265857696533,1.7830008268356323
595,2.6298837661743164,1.787850022315979
596,2.6981773376464844,1.8577691316604614
597,2.5964200496673584,2.137819528579712
598,2.635026454925537,1.8984500169754028
599,2.5930192470550537,1.9659987688064575
600,2.5743536949157715,1.7942954301834106
601,2.625351905822754,1.800392985343933
602,2.707886219024658,2.0290579795837402
603,2.691392660140991,1.9268345832824707
604,2.5810129642486572,1.7856091260910034
605,2.5986108779907227,1.7877953052520752
606,2.6338987350463867,1.772547960281372
607,2.594217300415039,2.2206685543060303
608,2.5965652465820312,2.0348856449127197
609,2.691687822341919,1.8262306451797485
610,2.568392038345337,1.888311505317688
611,2.6215457916259766,1.8337286710739136
612,2.6069068908691406,1.7762253284454346
613,2.622850179672241,1.8077895641326904
614,2.6187150478363037,1.8165925741195679
615,2.6497247219085693,2.2572319507598877
616,2.5791876316070557,2.0463414192199707
617,2.662734270095825,2.1336371898651123
618,2.652634382247925,2.1733009815216064
619,2.6576037406921387,1.840220332145691
620,2.6099820137023926,1.8608423471450806
621,2.598357677459717,1.8726332187652588
622,2.6183853149414062,1.792553424835205
623,2.547423839569092,2.0342633724212646
624,2.6894519329071045,1.8358168601989746
625,2.595336437225342,1.778810739517212
626,2.6156198978424072,1.7863342761993408
627,2.606783628463745,2.527766466140747
628,2.6304221153259277,1.8697586059570312
629,2.6040353775024414,1.8674793243408203
630,2.601613998413086,1.8290759325027466
631,2.574976921081543,1.8353761434555054
632,2.5518665313720703,1.8956013917922974
633,2.650094747543335,2.2986958026885986
634,2.715819835662842,3.61022686958313
635,2.605070114135742,1.886833667755127
636,2.5715787410736084,2.1110074520111084
637,2.6067607402801514,1.8864253759384155
638,2.6765546798706055,2.010430097579956
639,2.65761399269104,1.9986803531646729
640,2.549107551574707,1.7732561826705933
641,2.660733699798584,1.772579312324524
642,2.7025392055511475,2.149963140487671
643,2.6971144676208496,1.7876200675964355
644,2.641615629196167,1.7900696992874146
645,2.6288678646087646,1.8251900672912598
646,2.639280080795288,1.9078233242034912
647,2.557452917098999,1.8104197978973389
648,2.6866629123687744,1.8063673973083496
649,2.5638113021850586,1.8515838384628296
650,2.615476369857788,1.8785603046417236
651,2.6314408779144287,1.7850849628448486
652,2.5300099849700928,1.8179130554199219
653,2.645970344543457,1.7903763055801392
654,2.5812034606933594,1.8761965036392212
655,2.7028722763061523,1.8619290590286255
656,2.633820056915283,1.8431897163391113
657,2.6117117404937744,1.8356349468231201
658,2.6128313541412354,1.8087408542633057
659,2.6708896160125732,1.865998387336731
660,2.5674948692321777,2.376168727874756
661,2.607870101928711,1.8116556406021118
662,2.6658310890197754,1.775301456451416
663,2.6086671352386475,1.8288633823394775
664,2.659909725189209,2.0414578914642334
665,2.6423096656799316,2.018948793411255
666,2.56500244140625,1.8268390893936157
667,2.6121208667755127,1.838438868522644
668,2.722702980041504,1.836580514907837
669,2.7132720947265625,1.7834928035736084
670,2.5720324516296387,1.9644771814346313
671,2.6550357341766357,1.7848012447357178
672,2.556011915206909,1.8412508964538574
673,2.7235348224639893,1.875346302986145
674,2.615433692932129,1.775208830833435
675,2.5991222858428955,1.8221518993377686
676,2.547624349594116,1.873879313468933
677,2.7414662837982178,1.8218415975570679
678,2.58495831489563,2.3470492362976074
679,2.581310987472534,1.774695873260498
680,2.659343957901001,1.943030595779419
681,2.5811855792999268,2.0033926963806152
682,2.5343544483184814,1.8262640237808228
683,2.5784900188446045,1.7740460634231567
684,2.6596977710723877,1.8872039318084717
685,2.5900895595550537,2.0803256034851074
686,2.6367335319519043,1.8329225778579712
687,2.515744209289551,2.0421559810638428
688,2.603769302368164,1.879957675933838
689,2.5996596813201904,2.0536229610443115
690,2.6718599796295166,1.946794867515564
691,2.49660325050354,2.0159082412719727
692,2.6400697231292725,1.85133695602417
693,2.653144359588623,1.923072338104248
694,2.711334705352783,2.0459580421447754
695,2.7118003368377686,1.782960057258606
696,2.5664591789245605,1.801741123199463
697,2.554382085800171,1.9922397136688232
698,2.5938045978546143,2.027724504470825
699,2.5859785079956055,1.9753988981246948
700,2.6120107173919678,2.322683811187744
701,2.6686084270477295,2.0980465412139893
702,2.5081093311309814,1.7720720767974854
703,2.6059772968292236,2.0638890266418457
704,2.5583579540252686,1.8731763362884521
705,2.6379053592681885,1.8931546211242676
706,2.57633638381958,1.8265584707260132
707,2.548564910888672,1.8252720832824707
708,2.6276321411132812,1.8666900396347046
709,2.5829882621765137,1.8685154914855957
710,2.6492807865142822,1.8170355558395386
711,2.604252338409424,1.8531079292297363
712,2.5989153385162354,1.8831223249435425
713,2.6147663593292236,1.784169316291809
714,2.8051626682281494,1.9233709573745728
715,2.6255669593811035,1.8716591596603394
716,2.5830881595611572,1.9259531497955322
717,2.6807973384857178,1.9153468608856201
718,2.68105411529541,1.7809593677520752
719,2.615097761154175,2.028865337371826
720,2.648663282394409,1.8975480794906616
721,2.584383726119995,1.89377760887146
722,2.565646171569824,2.42008113861084
723,2.6658518314361572,1.8615689277648926
724,2.5287928581237793,2.213670253753662
725,2.6570236682891846,1.862510323524475
726,2.6381940841674805,1.844572901725769
727,2.6378533840179443,2.134746789932251
728,2.6061129570007324,1.9953982830047607
729,2.6875503063201904,5.344105243682861
730,2.584618330001831,1.795418620109558
731,2.5416810512542725,2.046103000640869
732,2.5764424800872803,1.90223228931427
733,2.6178770065307617,1.8239699602127075
734,2.5959465503692627,1.821424126625061
735,2.6546385288238525,1.8414078950881958
736,2.628221273422241,1.8295730352401733
737,2.5872368812561035,2.0341925621032715
738,2.654374837875366,1.9293190240859985
739,2.640352249145508,1.9561833143234253
740,2.5819849967956543,1.8182460069656372
741,2.5640792846679688,1.7976154088974
742,2.608205556869507,1.8362791538238525
743,2.804474115371704,1.7964541912078857
744,2.6840808391571045,2.0888302326202393
745,2.594984769821167,1.7825853824615479
746,2.543630838394165,1.7999918460845947
747,2.6389126777648926,1.9660452604293823
748,2.56541109085083,1.8928440809249878
749,2.571959972381592,1.7789523601531982
750,2.670116424560547,1.9608937501907349
751,2.62398099899292,1.7964001893997192
752,2.565990924835205,1.9286057949066162
753,2.6266560554504395,1.7915691137313843
754,2.613084554672241,1.7951513528823853
755,2.5972912311553955,1.7818907499313354
756,2.624621868133545,1.8763209581375122
757,2.5881869792938232,1.7967638969421387
758,2.5970382690429688,1.834722638130188
759,2.6005568504333496,1.9608970880508423
760,2.587205648422241,1.7764257192611694
761,2.6071629524230957,1.8058562278747559
762,2.609008550643921,1.7728134393692017
763,2.69903564453125,1.957017183303833
764,2.5935044288635254,1.8322780132293701
765,2.5629258155822754,1.9189928770065308
766,2.6087849140167236,1.8084523677825928
767,2.5107991695404053,1.9356156587600708
768,2.60280179977417,2.0163767337799072
769,2.676068067550659,1.869140386581421
770,2.5658257007598877,2.1455652713775635
771,2.6470420360565186,1.8866745233535767
772,2.547895669937134,1.9626960754394531
773,2.605886220932007,1.8196827173233032
774,2.5815377235412598,1.86838698387146
775,2.6473259925842285,2.002993106842041
776,2.5879058837890625,1.8287311792373657
777,2.607130527496338,1.9532321691513062
778,2.6032774448394775,1.7829772233963013
779,2.6114983558654785,1.8023872375488281
780,2.5949788093566895,1.8315759897232056
781,2.6173810958862305,1.8204206228256226
782,2.6317837238311768,1.897053599357605
783,2.6347708702087402,1.900575041770935
784,2.69272780418396,1.804455280303955
785,2.611354112625122,1.7851954698562622
786,2.5497753620147705,1.8491075038909912
787,2.6242427825927734,1.9135353565216064
788,2.6339783668518066,1.7946308851242065
789,2.6202139854431152,1.8268227577209473
790,2.6160953044891357,1.7990633249282837
791,2.6042678356170654,1.7768102884292603
792,2.582070827484131,1.814217209815979
793,2.527653932571411,1.8555607795715332
794,2.6352274417877197,1.7969624996185303
795,2.5897393226623535,1.77446448802948
796,2.5748088359832764,2.015263080596924
797,2.599414348602295,1.9823963642120361
798,2.590040445327759,2.00077486038208
799,2.589108943939209,1.8302109241485596
800,2.625976085662842,1.8395437002182007
801,2.653674364089966,1.8866699934005737
802,2.5571913719177246,1.9795609712600708
803,2.6324574947357178,1.803650140762329
804,2.601592540740967,2.6906330585479736
805,2.6021580696105957,1.7894855737686157
806,2.6210691928863525,1.8525010347366333
807,2.6710612773895264,1.9549793004989624
808,2.606680154800415,1.9626396894454956
809,2.5829782485961914,1.782580018043518
810,2.6485700607299805,1.8169652223587036
811,2.6072518825531006,1.8440855741500854
812,2.6105997562408447,1.9443039894104004
813,2.6264002323150635,1.9037435054779053
814,2.635251522064209,1.7732013463974
815,2.6578714847564697,1.7992818355560303
816,2.6218767166137695,1.8531360626220703
817,2.6655385494232178,1.796702265739441
818,2.582179546356201,1.7754374742507935
819,2.5644052028656006,1.8708769083023071
820,2.657851457595825,1.8552454710006714
821,2.5742626190185547,1.9165898561477661
822,2.618701934814453,1.9589040279388428
823,2.5929856300354004,1.813027262687683
824,2.5937044620513916,1.8664659261703491
825,2.663351058959961,1.8156863451004028
826,2.5876967906951904,1.9242147207260132
827,2.577622890472412,1.7923533916473389
828,2.606626272201538,1.898378849029541
829,2.630845785140991,1.9180916547775269
830,2.6989564895629883,2.1624581813812256
831,2.5545248985290527,1.9162542819976807
832,2.6355254650115967,1.8512450456619263
833,2.6174068450927734,1.8282380104064941
834,2.602307081222534,1.782287836074829
835,2.653987407684326,1.8284270763397217
836,2.672783136367798,1.774328351020813
837,2.533102512359619,1.8119522333145142
838,2.5769388675689697,1.9893920421600342
839,2.655015230178833,1.8020492792129517
840,2.6473898887634277,1.848661184310913
841,2.601151704788208,1.7903584241867065
842,2.6226184368133545,1.849822998046875
843,2.6158759593963623,1.962086796760559
844,2.5895919799804688,2.0623984336853027
845,2.578368663787842,1.8448480367660522
846,2.5905256271362305,1.8475621938705444
847,2.68074631690979,1.7746968269348145
848,2.5867152214050293,1.824411153793335
849,2.734086751937866,2.252286195755005
850,2.575197458267212,1.9282282590866089
851,2.571744680404663,2.4538300037384033
852,2.572455406188965,1.7974016666412354
853,2.6598362922668457,1.9346522092819214
854,2.5941097736358643,1.8220778703689575
855,2.563986301422119,1.9556537866592407
856,2.724691390991211,1.7790164947509766
857,2.6065454483032227,1.8525614738464355
858,2.6321160793304443,1.948058009147644
859,2.592043399810791,2.002532482147217
860,2.5695064067840576,1.8499075174331665
861,2.576129913330078,1.7751312255859375
862,2.581002950668335,1.911439061164856
863,2.6771113872528076,1.798030972480774
864,2.6662757396698,2.1502816677093506
865,2.6172304153442383,1.8224960565567017
866,2.61049222946167,1.9038004875183105
867,2.678541660308838,1.7863956689834595
868,2.572222948074341,1.8340599536895752
869,2.5904994010925293,1.7788655757904053
870,2.6556711196899414,1.7974021434783936
871,2.5878124237060547,1.7722554206848145
872,2.6363439559936523,2.0208725929260254
873,2.6116831302642822,1.8503413200378418
874,2.558474540710449,1.8480451107025146
875,2.636084794998169,1.9577274322509766
876,2.626798152923584,1.8587092161178589
877,2.5603418350219727,1.8021960258483887
878,2.542074680328369,2.791628122329712
879,2.764071464538574,2.146622896194458
880,2.6069588661193848,1.817436695098877
881,2.62388014793396,1.7859795093536377
882,2.586710214614868,1.8311442136764526
883,2.6289098262786865,2.021312952041626
884,2.626926898956299,1.7985557317733765
885,2.5314481258392334,1.787523627281189
886,2.678577423095703,2.34043025970459
887,2.633610725402832,1.8703062534332275
888,2.6500635147094727,1.7888156175613403
889,2.5884108543395996,1.784690499305725
890,2.5676002502441406,1.8368985652923584
891,2.563889980316162,2.069368600845337
892,2.6042516231536865,1.853475570678711
893,2.550772190093994,1.7992337942123413
894,2.6403396129608154,1.8177462816238403
895,2.619610071182251,1.8677233457565308
896,2.530463933944702,1.8780441284179688
897,2.5516927242279053,1.8061872720718384
898,2.5556890964508057,1.8352394104003906
899,2.6049885749816895,2.052248954772949
900,2.632789373397827,1.8816564083099365
901,2.5827114582061768,2.050830364227295
902,2.642894744873047,1.7815511226654053
903,2.5778822898864746,1.8882217407226562
904,2.6557843685150146,2.059828996658325
905,2.504155397415161,2.0601868629455566
906,2.5658867359161377,1.8198373317718506
907,2.5667412281036377,1.8524967432022095
908,2.5885963439941406,1.8487353324890137
909,2.5948574542999268,1.914663553237915
910,2.547189950942993,2.039693832397461
911,2.6671299934387207,1.7988839149475098
912,2.5984692573547363,1.9934991598129272
913,2.5815865993499756,1.9567266702651978
914,2.5841643810272217,1.89253568649292
915,2.6434757709503174,2.0853352546691895
916,2.6473875045776367,2.3146841526031494
917,2.5966577529907227,1.853434681892395
918,2.709602117538452,1.9187654256820679
919,2.544142007827759,1.790352702140808
920,2.62799072265625,1.8288387060165405
921,2.5918853282928467,1.8023964166641235
922,2.6537632942199707,1.822784662246704
923,2.608426332473755,2.1368281841278076
924,2.5419771671295166,1.8849281072616577
925,2.6018664836883545,1.9362082481384277
926,2.5567657947540283,1.790790319442749
927,2.5861732959747314,1.9582377672195435
928,2.621927499771118,1.8996543884277344
929,2.5409438610076904,1.8331423997879028
930,2.612539768218994,2.1709752082824707
931,2.5962584018707275,1.9251598119735718
932,2.6275041103363037,1.805918574333191
933,2.6183369159698486,1.781114101409912
934,2.6420326232910156,1.8331609964370728
935,2.582386016845703,1.8003500699996948
936,2.552873373031616,1.7733018398284912
937,2.5511813163757324,1.9046193361282349
938,2.6082375049591064,1.9671863317489624
939,2.6016688346862793,2.0119969844818115
940,2.629643201828003,1.7735960483551025
941,2.588512420654297,1.9858629703521729
942,2.684643507003784,1.9415689706802368
943,2.592148780822754,1.825257420539856
944,2.6228065490722656,1.9816508293151855
945,2.646421194076538,1.7869033813476562
946,2.6774868965148926,2.146831512451172
947,2.6508028507232666,1.9699130058288574
948,2.5550010204315186,1.9154165983200073
949,2.594716787338257,1.8001247644424438
950,2.5923256874084473,1.8031401634216309
951,2.6015985012054443,1.899027705192566
952,2.5746195316314697,2.373269557952881
953,2.673555850982666,1.7880969047546387
954,2.5721096992492676,1.8055576086044312
955,2.6056013107299805,1.9851824045181274
956,2.6630003452301025,1.9773982763290405
957,2.5454657077789307,1.9089399576187134
958,2.585343599319458,1.9055554866790771
959,2.6012027263641357,1.8079646825790405
960,2.6581430435180664,1.9864684343338013
961,2.6676149368286133,1.8124271631240845
962,2.616246223449707,1.9811503887176514
963,2.6150245666503906,1.8293488025665283
964,2.5741159915924072,1.9045894145965576
965,2.5879738330841064,2.0163848400115967
966,2.5364928245544434,1.827710747718811
967,2.664032220840454,1.9437943696975708
968,2.657116174697876,1.8421863317489624
969,2.5587944984436035,2.4086532592773438
970,2.6801812648773193,1.8036932945251465
971,2.5917911529541016,1.8212753534317017
972,2.587908983230591,1.872591495513916
973,2.59989070892334,2.004887104034424
974,2.522413730621338,1.781490683555603
975,2.558718681335449,1.901583194732666
976,2.6240737438201904,1.8193894624710083
977,2.5686609745025635,1.994698405265808
978,2.6211321353912354,1.7894301414489746
979,2.607025384902954,1.8412002325057983
980,2.657104730606079,2.23392391204834
981,2.6081318855285645,1.874839425086975
982,2.590092420578003,2.5422377586364746
983,2.634929895401001,1.7861974239349365
984,2.7081401348114014,1.809495449066162
985,2.683148145675659,1.780941367149353
986,2.5514109134674072,1.9049580097198486
987,2.631395101547241,2.003354549407959
988,2.5865495204925537,2.1452834606170654
989,2.5490429401397705,1.8037453889846802
990,2.6259100437164307,2.0837340354919434
991,2.5899436473846436,2.038295269012451
992,2.587191104888916,1.7960731983184814
993,2.573720693588257,2.1795852184295654
994,2.660088539123535,1.8823379278182983
995,2.631945848464966,1.881223201751709
996,2.5568735599517822,1.9875928163528442
997,2.579768419265747,1.7987273931503296
998,2.659951686859131,2.0956950187683105
999,2.6068756580352783,1.794433355331421
