epoch,loss,val_loss
0,2.4781415462493896,1.7890448570251465
1,2.5533416271209717,1.9516023397445679
2,2.5359725952148438,2.010695457458496
3,2.5402183532714844,1.793847680091858
4,2.483938694000244,2.111734390258789
5,2.544276475906372,1.8494818210601807
6,2.504812717437744,1.8089629411697388
7,2.5226023197174072,1.7817721366882324
8,2.5739495754241943,1.7918561697006226
9,2.504110097885132,1.7873585224151611
10,2.5157368183135986,1.8420077562332153
11,2.5129952430725098,1.781473994255066
12,2.5485620498657227,1.9389108419418335
13,2.5666887760162354,1.9036180973052979
14,2.4801838397979736,1.7881476879119873
15,2.5378968715667725,1.8275774717330933
16,2.576125383377075,1.8057602643966675
17,2.53674054145813,1.9577710628509521
18,2.4964847564697266,1.7916347980499268
19,2.512434720993042,1.785448670387268
20,2.505638837814331,1.7939637899398804
21,2.5643258094787598,1.8848814964294434
22,2.5785903930664062,1.8203777074813843
23,2.5298867225646973,1.8060896396636963
24,2.5750911235809326,1.9232227802276611
25,2.543304681777954,1.8093539476394653
26,2.5287420749664307,1.780767798423767
27,2.5004498958587646,1.8240374326705933
28,2.4763150215148926,1.787975549697876
29,2.5111498832702637,2.0309507846832275
30,2.5254766941070557,1.7852014303207397
31,2.5333056449890137,1.9531923532485962
32,2.4900829792022705,1.7839783430099487
33,2.5308029651641846,1.8757168054580688
34,2.5802407264709473,1.805217981338501
35,2.511815309524536,1.8305007219314575
36,2.4724929332733154,1.8689368963241577
37,2.504117250442505,1.9159163236618042
38,2.5260748863220215,1.7816823720932007
39,2.5385189056396484,1.7805579900741577
40,2.5144877433776855,1.8631590604782104
41,2.566950798034668,1.7801015377044678
42,2.5488831996917725,1.7931965589523315
43,2.5109262466430664,1.8490771055221558
44,2.4947969913482666,1.9325965642929077
45,2.5110549926757812,1.781164526939392
46,2.548762083053589,1.9768694639205933
47,2.51047945022583,1.9348739385604858
48,2.5560390949249268,1.8446542024612427
49,2.485409736633301,1.7922844886779785
50,2.568249464035034,1.806653380393982
51,2.5088796615600586,1.880454182624817
52,2.52193546295166,1.7806397676467896
53,2.5417773723602295,1.910634994506836
54,2.4982528686523438,1.8397269248962402
55,2.513486862182617,1.7965551614761353
56,2.451425075531006,1.787153959274292
57,2.52679443359375,1.7892487049102783
58,2.5820116996765137,1.840146780014038
59,2.543415069580078,1.9443528652191162
60,2.5348591804504395,1.7878992557525635
61,2.474571943283081,1.7788490056991577
62,2.499485731124878,1.9848130941390991
63,2.4679973125457764,1.8435336351394653
64,2.519284248352051,1.784785509109497
65,2.5152151584625244,1.9414825439453125
66,2.5035901069641113,1.8754369020462036
67,2.5226099491119385,1.8214507102966309
68,2.486086130142212,1.8534709215164185
69,2.549025774002075,1.8971420526504517
70,2.4804866313934326,1.9983917474746704
71,2.5067594051361084,1.9839507341384888
72,2.5493054389953613,1.8327616453170776
73,2.5116398334503174,1.783252239227295
74,2.5172605514526367,1.830819845199585
75,2.488525867462158,2.0258376598358154
76,2.615812301635742,1.8267191648483276
77,2.4158902168273926,1.8775043487548828
78,2.5782878398895264,2.108720541000366
79,2.5509402751922607,1.8016904592514038
80,2.511460304260254,1.782356858253479
81,2.4773223400115967,1.8484625816345215
82,2.4768943786621094,1.8199695348739624
83,2.5375959873199463,1.8014943599700928
84,2.4673824310302734,1.8255068063735962
85,2.62546968460083,2.286444902420044
86,2.536597490310669,2.2668004035949707
87,2.5747976303100586,1.7966785430908203
88,2.5715487003326416,1.899983525276184
89,2.555401086807251,1.7890971899032593
90,2.551905632019043,1.9176363945007324
91,2.5199203491210938,1.8682904243469238
92,2.500777244567871,1.9021166563034058
93,2.4997477531433105,1.8182528018951416
94,2.6050171852111816,2.17031192779541
95,2.5536816120147705,1.8129137754440308
96,2.508648633956909,1.8820245265960693
97,2.5086629390716553,1.8136003017425537
98,2.555877208709717,2.222916603088379
99,2.5166566371917725,1.8423044681549072
100,2.4951298236846924,1.8598862886428833
101,2.568941831588745,1.8073430061340332
102,2.512916326522827,1.797605276107788
103,2.494591474533081,1.787070631980896
104,2.5469703674316406,1.8245433568954468
105,2.4704978466033936,1.8145900964736938
106,2.5275933742523193,1.9184767007827759
107,2.538283586502075,1.8151545524597168
108,2.5004076957702637,1.8402539491653442
109,2.522982358932495,2.0262744426727295
110,2.4975147247314453,1.8587850332260132
111,2.5225281715393066,1.7971117496490479
112,2.5073964595794678,1.801815152168274
113,2.4672000408172607,1.88590407371521
114,2.5227298736572266,1.8469370603561401
115,2.524409770965576,1.8269118070602417
116,2.556217908859253,2.0017693042755127
117,2.5230743885040283,1.7866960763931274
118,2.533277750015259,1.8981311321258545
119,2.496993064880371,1.805566668510437
120,2.570779800415039,1.8150871992111206
121,2.524254560470581,1.8281607627868652
122,2.5500683784484863,1.8295527696609497
123,2.5043764114379883,1.7866873741149902
124,2.543870449066162,1.8857659101486206
125,2.513404369354248,1.8055624961853027
126,2.537961721420288,2.0232417583465576
127,2.5705227851867676,1.8769837617874146
128,2.5016026496887207,2.0760672092437744
129,2.5372328758239746,1.8594383001327515
130,2.4991602897644043,1.8024576902389526
131,2.515037775039673,1.8477896451950073
132,2.513274669647217,1.8565386533737183
133,2.513406991958618,2.051621437072754
134,2.464219093322754,1.9311994314193726
135,2.5260186195373535,1.8754353523254395
136,2.462153196334839,1.887036681175232
137,2.491107702255249,1.9060038328170776
138,2.465827226638794,1.8601893186569214
139,2.508232831954956,1.7955690622329712
140,2.4740793704986572,1.832194209098816
141,2.49229097366333,1.7827038764953613
142,2.482757568359375,1.8072048425674438
143,2.4529075622558594,1.9598876237869263
144,2.5940191745758057,1.7980514764785767
145,2.506812334060669,1.9035159349441528
146,2.554863691329956,1.921819806098938
147,2.5415594577789307,1.795759677886963
148,2.5487477779388428,1.7955061197280884
149,2.490946054458618,1.9135750532150269
150,2.506784200668335,1.7912307977676392
151,2.4926419258117676,1.783514380455017
152,2.4930694103240967,1.7838393449783325
153,2.520686149597168,1.7840120792388916
154,2.570232391357422,1.823785424232483
155,2.5020759105682373,1.782871127128601
156,2.505410671234131,1.792567491531372
157,2.475963592529297,2.0766396522521973
158,2.5685088634490967,1.7873985767364502
159,2.4718093872070312,1.8133609294891357
160,2.535616636276245,1.7977051734924316
161,2.5393495559692383,1.7818446159362793
162,2.4827892780303955,1.8604274988174438
163,2.44334077835083,2.155085325241089
164,2.5761284828186035,2.0602059364318848
165,2.4769935607910156,1.902157187461853
166,2.5227200984954834,1.9801210165023804
167,2.4771180152893066,1.7843475341796875
168,2.5299410820007324,2.001922130584717
169,2.525649070739746,2.168390989303589
170,2.504307508468628,1.858749508857727
171,2.555589437484741,1.8581690788269043
172,2.54418683052063,1.8117271661758423
173,2.4892988204956055,1.901166558265686
174,2.535590171813965,1.9601422548294067
175,2.554374933242798,1.99005925655365
176,2.53641676902771,1.8180263042449951
177,2.4846622943878174,1.8505618572235107
178,2.499600410461426,1.823624849319458
179,2.602656364440918,1.7991045713424683
180,2.5223636627197266,1.7862002849578857
181,2.5101330280303955,1.7835804224014282
182,2.4958555698394775,1.781126856803894
183,2.5204474925994873,1.793357253074646
184,2.5823326110839844,1.8198093175888062
185,2.538050413131714,1.8433837890625
186,2.4694738388061523,1.8308864831924438
187,2.4847569465637207,2.098659038543701
188,2.5477452278137207,1.8409225940704346
189,2.4981722831726074,1.805076003074646
190,2.528061628341675,1.885614037513733
191,2.5749552249908447,1.977723479270935
192,2.541577100753784,1.8738000392913818
193,2.4596407413482666,1.9860351085662842
194,2.4945321083068848,1.9044290781021118
195,2.507667064666748,1.8112252950668335
196,2.5442216396331787,1.7977986335754395
197,2.4957034587860107,1.8150664567947388
198,2.5623772144317627,1.7867363691329956
199,2.492926597595215,1.8090215921401978
200,2.503925323486328,1.9090548753738403
201,2.5736582279205322,1.7841308116912842
202,2.5370771884918213,2.1289262771606445
203,2.526475191116333,1.7870142459869385
204,2.5385890007019043,1.785433053970337
205,2.4776692390441895,1.8035557270050049
206,2.482841730117798,1.899041771888733
207,2.484666109085083,2.503187656402588
208,2.636181354522705,2.0449628829956055
209,2.5776784420013428,1.9227747917175293
210,2.5306403636932373,2.3367385864257812
211,2.4964981079101562,1.784146785736084
212,2.552157163619995,1.7904343605041504
213,2.510007619857788,1.948137640953064
214,2.5223186016082764,1.7860164642333984
215,2.5197739601135254,1.8036859035491943
216,2.521036386489868,1.847035527229309
217,2.5537450313568115,1.903178095817566
218,2.477994203567505,1.797782063484192
219,2.5328798294067383,1.9644173383712769
220,2.4731595516204834,1.7930285930633545
221,2.506232261657715,2.0486624240875244
222,2.485175848007202,1.9491702318191528
223,2.519094467163086,1.8245054483413696
224,2.527907371520996,1.7851026058197021
225,2.4959864616394043,1.8731850385665894
226,2.472419261932373,2.00988507270813
227,2.4833292961120605,1.8050583600997925
228,2.5778369903564453,1.9078058004379272
229,2.5095036029815674,1.8217984437942505
230,2.5345640182495117,1.7897703647613525
231,2.529285430908203,1.8140685558319092
232,2.5097830295562744,1.8110500574111938
233,2.4736952781677246,1.8395121097564697
234,2.491309642791748,1.8055158853530884
235,2.5437350273132324,1.7863155603408813
236,2.4757344722747803,1.7827051877975464
237,2.4867348670959473,1.796707034111023
238,2.4814534187316895,1.8184220790863037
239,2.4912760257720947,1.825948715209961
240,2.48537540435791,1.8284391164779663
241,2.5259687900543213,1.9033628702163696
242,2.5209667682647705,2.038438320159912
243,2.5078821182250977,1.9326914548873901
244,2.516230344772339,1.809334635734558
245,2.552457571029663,1.8964271545410156
246,2.526787042617798,1.9037593603134155
247,2.47611141204834,1.8403445482254028
248,2.565732955932617,1.7937322854995728
249,2.4963393211364746,1.816232442855835
250,2.506970167160034,1.843160629272461
251,2.56988525390625,2.0362913608551025
252,2.513186454772949,1.9388854503631592
253,2.5367846488952637,1.9794962406158447
254,2.5231082439422607,1.8589470386505127
255,2.6068806648254395,2.052297353744507
256,2.5271153450012207,1.795645833015442
257,2.506692886352539,1.8053171634674072
258,2.4968340396881104,2.4387753009796143
259,2.5255913734436035,1.800663709640503
260,2.521486520767212,1.8118367195129395
261,2.504966974258423,1.7915982007980347
262,2.4996588230133057,1.8327603340148926
263,2.5501863956451416,2.0639026165008545
264,2.554224729537964,1.87307608127594
265,2.5556204319000244,1.808409571647644
266,2.4990956783294678,1.7960420846939087
267,2.5816614627838135,2.0212481021881104
268,2.518155574798584,2.16170072555542
269,2.6429762840270996,1.9063431024551392
270,2.490828275680542,1.7956405878067017
271,2.537100076675415,1.7925277948379517
272,2.5008535385131836,1.829390048980713
273,2.501676321029663,1.82905113697052
274,2.5212602615356445,1.907211422920227
275,2.500872850418091,1.8092540502548218
276,2.5184998512268066,1.7868492603302002
277,2.526285171508789,1.8508490324020386
278,2.5083887577056885,1.7960129976272583
279,2.5498223304748535,1.8289412260055542
280,2.5353620052337646,1.880213975906372
281,2.4911012649536133,1.9149224758148193
282,2.5360286235809326,1.8394259214401245
283,2.4903182983398438,1.8482621908187866
284,2.512036085128784,1.8242286443710327
285,2.543879747390747,1.8826215267181396
286,2.506798267364502,1.8315974473953247
287,2.501185655593872,1.7911945581436157
288,2.4522464275360107,1.837103247642517
289,2.6083829402923584,1.7973706722259521
290,2.466742992401123,1.7807338237762451
291,2.531633138656616,1.8039315938949585
292,2.504668951034546,1.8711363077163696
293,2.4944608211517334,1.965877652168274
294,2.508998394012451,2.1530025005340576
295,2.4999818801879883,1.812575101852417
296,2.5389933586120605,1.8667290210723877
297,2.5100884437561035,1.7875721454620361
298,2.5514235496520996,2.0202765464782715
299,2.538576602935791,1.7928745746612549
300,2.4984657764434814,1.8859895467758179
301,2.51598858833313,2.270503282546997
302,2.5572125911712646,1.8669006824493408
303,2.4815304279327393,1.8346786499023438
304,2.506708860397339,1.9957247972488403
305,2.525387763977051,1.793912410736084
306,2.5714523792266846,1.7951620817184448
307,2.479825258255005,1.8214000463485718
308,2.541797637939453,1.7936736345291138
309,2.518833637237549,1.860655426979065
310,2.5137124061584473,1.9101588726043701
311,2.539780855178833,1.8199008703231812
312,2.5168943405151367,1.859541416168213
313,2.521050453186035,2.099487781524658
314,2.568758487701416,1.800437569618225
315,2.520965099334717,1.873584508895874
316,2.48630952835083,1.8138439655303955
317,2.505464553833008,1.78300142288208
318,2.500213623046875,1.7807608842849731
319,2.553326368331909,1.879601240158081
320,2.5110650062561035,1.7911430597305298
321,2.525571823120117,1.8436890840530396
322,2.5308678150177,1.9222261905670166
323,2.53902530670166,1.8161338567733765
324,2.5645594596862793,1.783409595489502
325,2.5265212059020996,1.7848416566848755
326,2.5164785385131836,1.8188819885253906
327,2.526932954788208,1.8071480989456177
328,2.542405843734741,1.9427438974380493
329,2.5722434520721436,1.8346081972122192
330,2.5429527759552,1.7910293340682983
331,2.510129690170288,1.7910679578781128
332,2.5649197101593018,1.8453575372695923
333,2.5279347896575928,1.787443995475769
334,2.570439338684082,1.9369686841964722
335,2.519185781478882,1.8239654302597046
336,2.4827635288238525,1.7936458587646484
337,2.513766050338745,1.807227373123169
338,2.5949909687042236,1.7929425239562988
339,2.509420156478882,1.7906582355499268
340,2.5181448459625244,1.847886323928833
341,2.471066951751709,1.8961684703826904
342,2.5587217807769775,1.7972882986068726
343,2.514320135116577,2.256735324859619
344,2.5364537239074707,1.783657431602478
345,2.481868267059326,1.9468075037002563
346,2.5292441844940186,1.7949477434158325
347,2.5228686332702637,2.074549436569214
348,2.5647311210632324,1.7933974266052246
349,2.532369375228882,1.7981994152069092
350,2.4727988243103027,1.7885981798171997
351,2.506779193878174,1.9742015600204468
352,2.494269609451294,1.8046501874923706
353,2.4866232872009277,1.806784987449646
354,2.5373730659484863,2.0491414070129395
355,2.5092382431030273,1.8227174282073975
356,2.5491561889648438,1.7825119495391846
357,2.4597320556640625,1.8613227605819702
358,2.5230913162231445,1.9032540321350098
359,2.5321097373962402,1.7934273481369019
360,2.4778692722320557,1.9646656513214111
361,2.583677053451538,1.9144771099090576
362,2.4654157161712646,1.8573635816574097
363,2.5508837699890137,1.9260497093200684
364,2.535482168197632,2.0128488540649414
365,2.537337303161621,1.8010331392288208
366,2.547813653945923,1.7989310026168823
367,2.5496504306793213,1.7890294790267944
368,2.50412654876709,1.9469670057296753
369,2.546529769897461,1.7823948860168457
370,2.5394351482391357,1.8362815380096436
371,2.486959934234619,1.8111426830291748
372,2.4772512912750244,1.8092939853668213
373,2.4957056045532227,1.8625487089157104
374,2.5031425952911377,1.828959584236145
375,2.519212007522583,1.7989509105682373
376,2.5218188762664795,1.7874093055725098
377,2.5338828563690186,1.9992541074752808
378,2.501497507095337,1.9351356029510498
379,2.5694334506988525,1.9782252311706543
380,2.482398748397827,1.7809818983078003
381,2.5368924140930176,1.9193644523620605
382,2.4774551391601562,1.787534236907959
383,2.5154976844787598,1.8189349174499512
384,2.555462598800659,1.8556445837020874
385,2.5331292152404785,1.8131605386734009
386,2.537759780883789,1.9161555767059326
387,2.556936264038086,1.805583119392395
388,2.594770908355713,1.7904881238937378
389,2.519751787185669,1.84242844581604
390,2.5489065647125244,2.090897798538208
391,2.4674582481384277,2.1255249977111816
392,2.5216312408447266,1.7849578857421875
393,2.5268571376800537,1.8268629312515259
394,2.529128313064575,2.002577781677246
395,2.565359592437744,1.7953487634658813
396,2.5185744762420654,1.856170415878296
397,2.532303810119629,1.8300429582595825
398,2.503837823867798,1.7897732257843018
399,2.493093967437744,1.785414457321167
400,2.5792274475097656,1.7830767631530762
401,2.5234596729278564,1.785644769668579
402,2.495605707168579,1.834346055984497
403,2.5851004123687744,1.8272384405136108
404,2.4804718494415283,1.8805766105651855
405,2.506246566772461,1.8117619752883911
406,2.494220018386841,1.7963371276855469
407,2.484630823135376,2.0324254035949707
408,2.510650157928467,1.784557580947876
409,2.5433168411254883,1.8140180110931396
410,2.4794695377349854,1.8627392053604126
411,2.5170533657073975,1.976570963859558
412,2.514008045196533,1.7955071926116943
413,2.4969282150268555,1.8691809177398682
414,2.503587484359741,1.8060448169708252
415,2.526309013366699,1.9113634824752808
416,2.554856538772583,1.7938531637191772
417,2.4724044799804688,1.8620433807373047
418,2.51926851272583,1.837803602218628
419,2.5440258979797363,1.9872868061065674
420,2.5171167850494385,1.8465168476104736
421,2.5056498050689697,2.0462355613708496
422,2.505890130996704,1.8390134572982788
423,2.552297353744507,1.785347580909729
424,2.540560722351074,1.8291174173355103
425,2.536898374557495,1.8006995916366577
426,2.5054471492767334,1.7976523637771606
427,2.518308639526367,1.7829443216323853
428,2.48919677734375,1.9097720384597778
429,2.4913058280944824,1.826946496963501
430,2.5761451721191406,1.807888150215149
431,2.4610939025878906,1.8310000896453857
432,2.5224533081054688,1.8354485034942627
433,2.537818193435669,1.7930363416671753
434,2.4884650707244873,1.8525733947753906
435,2.6103053092956543,1.8291802406311035
436,2.525753974914551,2.4532134532928467
437,2.5151941776275635,1.8558884859085083
438,2.5843465328216553,1.7858234643936157
439,2.5222136974334717,1.856679916381836
440,2.48872447013855,1.7998387813568115
441,2.511787176132202,1.8309863805770874
442,2.5228404998779297,1.9103065729141235
443,2.5169081687927246,1.842894434928894
444,2.5879337787628174,1.8037629127502441
445,2.5584733486175537,1.8794747591018677
446,2.5416667461395264,1.8002604246139526
447,2.518916368484497,1.97569739818573
448,2.4820284843444824,1.801972508430481
449,2.598436117172241,1.81570565700531
450,2.5362441539764404,1.8503066301345825
451,2.4686648845672607,1.918176531791687
452,2.509308338165283,1.858965277671814
453,2.530289888381958,1.8215548992156982
454,2.5241541862487793,1.8276638984680176
455,2.5048348903656006,1.866637945175171
456,2.5644619464874268,1.7923284769058228
457,2.5204412937164307,1.8314392566680908
458,2.5221199989318848,1.8005489110946655
459,2.506577253341675,1.926946997642517
460,2.5097484588623047,1.7825133800506592
461,2.5195672512054443,1.8308554887771606
462,2.4907031059265137,1.791562795639038
463,2.5250678062438965,1.8108652830123901
464,2.4893081188201904,1.9440077543258667
465,2.537432909011841,1.8469188213348389
466,2.576077699661255,1.7914719581604004
467,2.5153331756591797,1.7862071990966797
468,2.528318166732788,1.905828595161438
469,2.502718448638916,1.9232112169265747
470,2.479617118835449,1.8231480121612549
471,2.52557110786438,1.912821650505066
472,2.5071725845336914,1.7830674648284912
473,2.4999184608459473,1.7826799154281616
474,2.5044920444488525,1.8190089464187622
475,2.533578872680664,1.854763388633728
476,2.5418074131011963,1.8464438915252686
477,2.5372416973114014,1.85577392578125
478,2.499854564666748,2.375091075897217
479,2.4992969036102295,1.782142996788025
480,2.5003979206085205,1.8182741403579712
481,2.4736218452453613,1.8455337285995483
482,2.4785876274108887,2.093954563140869
483,2.5254335403442383,1.8269517421722412
484,2.515181064605713,1.8174692392349243
485,2.5447804927825928,1.8272933959960938
486,2.422668218612671,1.9037683010101318
487,2.4857380390167236,1.971445083618164
488,2.5232179164886475,1.8405003547668457
489,2.5876832008361816,2.028749942779541
490,2.49733567237854,1.924857258796692
491,2.470827579498291,1.8593999147415161
492,2.436887264251709,2.197251081466675
493,2.5416784286499023,1.829671859741211
494,2.4845330715179443,1.820253610610962
495,2.557811737060547,1.8210880756378174
496,2.5337045192718506,1.847594141960144
497,2.523089647293091,1.8185946941375732
498,2.5466160774230957,1.8590625524520874
499,2.4975109100341797,1.927874207496643
500,2.5196781158447266,2.1411218643188477
501,2.526416301727295,1.8403003215789795
502,2.4772231578826904,1.847091555595398
503,2.4744980335235596,1.91179358959198
504,2.490946054458618,1.8616700172424316
505,2.5081942081451416,1.8635203838348389
506,2.537396192550659,1.7928129434585571
507,2.5327677726745605,1.98832368850708
508,2.502661943435669,1.790198802947998
509,2.498114585876465,1.8354305028915405
510,2.5598642826080322,1.848098874092102
511,2.544583320617676,1.8446003198623657
512,2.505958318710327,1.8286612033843994
513,2.5156798362731934,1.9655859470367432
514,2.547708511352539,1.8378602266311646
515,2.5317702293395996,1.8982962369918823
516,2.5067107677459717,1.8125786781311035
517,2.5052082538604736,1.7958358526229858
518,2.561901330947876,1.8165395259857178
519,2.4894778728485107,1.847642183303833
520,2.5345280170440674,1.7881455421447754
521,2.520139217376709,1.9417304992675781
522,2.540235757827759,1.9746860265731812
523,2.4875075817108154,2.0549182891845703
524,2.531646728515625,1.8762696981430054
525,2.4564483165740967,1.8246015310287476
526,2.540416955947876,1.9826527833938599
527,2.538336753845215,1.7811195850372314
528,2.498566150665283,1.842024326324463
529,2.5284059047698975,1.823862075805664
530,2.567572832107544,1.9018008708953857
531,2.5374703407287598,1.8289598226547241
532,2.5027544498443604,1.8003063201904297
533,2.5518991947174072,1.9982497692108154
534,2.5086114406585693,1.953314185142517
535,2.491124391555786,1.998902678489685
536,2.480837106704712,2.067477226257324
537,2.5955169200897217,1.7799216508865356
538,2.5260210037231445,1.7857509851455688
539,2.5446503162384033,1.8430017232894897
540,2.529294013977051,1.7888848781585693
541,2.4763619899749756,1.794452428817749
542,2.5520496368408203,1.8050360679626465
543,2.5527102947235107,1.7933088541030884
544,2.5408146381378174,1.8275959491729736
545,2.5391976833343506,1.8182467222213745
546,2.5334270000457764,2.1029746532440186
547,2.4760849475860596,1.80498206615448
548,2.5013134479522705,1.833336353302002
549,2.4728453159332275,1.7925305366516113
550,2.604062557220459,1.845205307006836
551,2.5087814331054688,1.7946879863739014
552,2.5188822746276855,1.7886971235275269
553,2.5217106342315674,1.8208709955215454
554,2.498021125793457,1.938193440437317
555,2.4557368755340576,1.9041837453842163
556,2.5244879722595215,1.791440725326538
557,2.502573251724243,1.8663192987442017
558,2.5150465965270996,1.829668641090393
559,2.538346767425537,1.8686591386795044
560,2.505122661590576,1.8232659101486206
561,2.48306941986084,1.7953702211380005
562,2.5375547409057617,1.8076236248016357
563,2.4833548069000244,1.799623966217041
564,2.514890432357788,1.8024883270263672
565,2.5621161460876465,1.835557222366333
566,2.5135679244995117,1.7911376953125
567,2.527207136154175,1.8338254690170288
568,2.5222740173339844,1.7968946695327759
569,2.4712705612182617,1.8408472537994385
570,2.5363917350769043,1.8382052183151245
571,2.5580170154571533,1.8818808794021606
572,2.537391185760498,1.9094688892364502
573,2.5512452125549316,1.836498498916626
574,2.516920804977417,1.8206005096435547
575,2.485011577606201,1.8301854133605957
576,2.5490384101867676,2.0259580612182617
577,2.5354883670806885,2.0611417293548584
578,2.503303289413452,2.0084550380706787
579,2.563284158706665,1.7888048887252808
580,2.5644218921661377,2.0018539428710938
581,2.5504965782165527,1.8049789667129517
582,2.498166561126709,1.789294958114624
583,2.4800021648406982,1.846298336982727
584,2.520420551300049,1.868402361869812
585,2.5077269077301025,1.8184590339660645
586,2.5094645023345947,1.8393768072128296
587,2.516526460647583,1.8106133937835693
588,2.491564989089966,2.0581610202789307
589,2.550776720046997,1.8534679412841797
590,2.5568153858184814,1.8201355934143066
591,2.5419750213623047,1.853351354598999
592,2.5072085857391357,1.7850967645645142
593,2.5894370079040527,1.8595757484436035
594,2.564417839050293,1.8718763589859009
595,2.5389394760131836,1.8034037351608276
596,2.5536160469055176,1.8105149269104004
597,2.4589288234710693,1.8535703420639038
598,2.465160846710205,1.8336418867111206
599,2.536874294281006,1.9261819124221802
600,2.5144107341766357,1.8176122903823853
601,2.536064386367798,1.795484185218811
602,2.523709774017334,1.9808154106140137
603,2.5416767597198486,1.8995195627212524
604,2.5178017616271973,1.8333604335784912
605,2.517705202102661,1.7929575443267822
606,2.4663515090942383,1.8159675598144531
607,2.499276876449585,1.820019006729126
608,2.5156409740448,1.7817988395690918
609,2.5442469120025635,1.7931296825408936
610,2.563371419906616,1.9315168857574463
611,2.499718427658081,1.8134195804595947
612,2.5151443481445312,1.8429948091506958
613,2.5466673374176025,1.8759328126907349
614,2.4900569915771484,2.1034507751464844
615,2.5854034423828125,1.826377034187317
616,2.4905848503112793,1.8372879028320312
617,2.5498316287994385,1.7977954149246216
618,2.504486083984375,1.9693987369537354
619,2.547919988632202,1.9265283346176147
620,2.4762139320373535,1.9745053052902222
621,2.4909329414367676,1.861532211303711
622,2.4941744804382324,1.938326120376587
623,2.548572063446045,1.8269093036651611
624,2.544987916946411,1.7908676862716675
625,2.473670244216919,1.7903573513031006
626,2.5373823642730713,1.8402259349822998
627,2.5210413932800293,1.9068917036056519
628,2.4957923889160156,1.8415173292160034
629,2.50907301902771,1.9651676416397095
630,2.4991350173950195,1.894667148590088
631,2.5413341522216797,1.813077688217163
632,2.505702018737793,1.832987666130066
633,2.514932155609131,1.824113130569458
634,2.4915695190429688,1.782260537147522
635,2.510929584503174,1.862267255783081
636,2.520808219909668,1.9495853185653687
637,2.478627920150757,2.3345682621002197
638,2.6007590293884277,1.9040215015411377
639,2.491783380508423,1.921958565711975
640,2.532101631164551,1.7984358072280884
641,2.5574350357055664,1.8784931898117065
642,2.5637354850769043,1.7894283533096313
643,2.5032782554626465,1.781822919845581
644,2.5263423919677734,1.7911053895950317
645,2.5585038661956787,1.8030798435211182
646,2.5215439796447754,1.7868797779083252
647,2.4817285537719727,1.7985122203826904
648,2.522510290145874,1.9302942752838135
649,2.5273685455322266,1.8322936296463013
650,2.51580810546875,1.8394685983657837
651,2.5215647220611572,1.8322906494140625
652,2.532722234725952,1.8053834438323975
653,2.4693918228149414,1.8868529796600342
654,2.468973159790039,1.8758822679519653
655,2.5790812969207764,1.798342227935791
656,2.5352132320404053,1.8152580261230469
657,2.541560649871826,1.923047423362732
658,2.5116078853607178,1.8966326713562012
659,2.50369930267334,2.0406742095947266
660,2.5090203285217285,1.9413204193115234
661,2.5222792625427246,1.8148692846298218
662,2.4875316619873047,1.8557895421981812
663,2.5029919147491455,1.9080979824066162
664,2.4980554580688477,1.901244878768921
665,2.5468976497650146,1.7944790124893188
666,2.540856122970581,1.7949436902999878
667,2.5702664852142334,1.795873999595642
668,2.5393779277801514,1.991757869720459
669,2.526177406311035,1.9144614934921265
670,2.50484037399292,1.9490299224853516
671,2.513545036315918,1.7811886072158813
672,2.5226032733917236,1.9179848432540894
673,2.5413150787353516,1.7801933288574219
674,2.487217664718628,1.833270788192749
675,2.571324348449707,1.944581151008606
676,2.5245823860168457,1.829223394393921
677,2.5438601970672607,1.7864954471588135
678,2.5094311237335205,1.8260962963104248
679,2.5199344158172607,1.8618475198745728
680,2.5600712299346924,1.8074116706848145
681,2.516589879989624,1.9124433994293213
682,2.5275087356567383,1.859512448310852
683,2.490396738052368,1.8030438423156738
684,2.52390193939209,2.0130367279052734
685,2.454335927963257,1.8118618726730347
686,2.4985008239746094,1.917715072631836
687,2.509650468826294,1.8438068628311157
688,2.4992098808288574,2.0790345668792725
689,2.5723283290863037,1.8893675804138184
690,2.4829912185668945,1.854386806488037
691,2.482578992843628,1.8094382286071777
692,2.5254857540130615,1.8208624124526978
693,2.484110116958618,1.8304965496063232
694,2.5066800117492676,1.8853797912597656
695,2.5066373348236084,1.8668030500411987
696,2.5061140060424805,1.9571094512939453
697,2.5110981464385986,2.576406240463257
698,2.5333030223846436,1.8919460773468018
699,2.5034825801849365,1.7944049835205078
700,2.5044684410095215,2.026829481124878
701,2.522327184677124,1.9159249067306519
702,2.46907114982605,2.165961742401123
703,2.515183687210083,1.788049578666687
704,2.5512142181396484,1.880384922027588
705,2.4953269958496094,1.9424840211868286
706,2.4983158111572266,1.892560601234436
707,2.490442991256714,1.7862762212753296
708,2.5244343280792236,1.8456374406814575
709,2.51499080657959,1.9505990743637085
710,2.47000789642334,1.8783738613128662
711,2.5199646949768066,1.8701461553573608
712,2.5328264236450195,1.7935845851898193
713,2.529304265975952,2.06115984916687
714,2.5870413780212402,1.959610104560852
715,2.523003101348877,1.7853381633758545
716,2.492074966430664,1.786417841911316
717,2.503877639770508,1.905211091041565
718,2.4867310523986816,1.8841639757156372
719,2.5823915004730225,1.9463618993759155
720,2.484816551208496,1.8147485256195068
721,2.5076115131378174,1.794819951057434
722,2.5506529808044434,1.7977863550186157
723,2.4936447143554688,1.9762824773788452
724,2.503013849258423,1.894283652305603
725,2.534226894378662,1.885280966758728
726,2.5175182819366455,1.9246894121170044
727,2.533651828765869,1.7889209985733032
728,2.5746612548828125,1.8524343967437744
729,2.54719877243042,1.789652705192566
730,2.506192684173584,1.7980974912643433
731,2.535289764404297,1.8063533306121826
732,2.5291099548339844,1.7994014024734497
733,2.573427200317383,1.9369438886642456
734,2.5012097358703613,1.8714927434921265
735,2.4853689670562744,1.9469350576400757
736,2.4836983680725098,1.820210576057434
737,2.5087730884552,1.9496709108352661
738,2.4917709827423096,1.8312431573867798
739,2.5077459812164307,1.7900100946426392
740,2.5052831172943115,3.8945913314819336
741,2.4834368228912354,1.7962204217910767
742,2.4744672775268555,1.8161476850509644
743,2.482250213623047,1.8023484945297241
744,2.5001227855682373,1.808200716972351
745,2.4783506393432617,1.9189599752426147
746,2.538018226623535,1.9713726043701172
747,2.5545897483825684,1.8885177373886108
748,2.512932062149048,1.8612754344940186
749,2.5323939323425293,1.9024144411087036
750,2.511507511138916,1.8357635736465454
751,2.522991895675659,1.8103294372558594
752,2.487973213195801,1.8880969285964966
753,2.4814701080322266,1.8227325677871704
754,2.5955018997192383,1.8223659992218018
755,2.4959468841552734,1.8198097944259644
756,2.528203248977661,1.8945084810256958
757,2.5256567001342773,1.9149941205978394
758,2.527554512023926,1.8493797779083252
759,2.4912350177764893,1.9387708902359009
760,2.5147390365600586,1.9213610887527466
761,2.542100429534912,1.8594218492507935
762,2.5367259979248047,1.9174751043319702
763,2.538576126098633,1.95723295211792
764,2.5187718868255615,1.8415262699127197
765,2.497737407684326,1.9133225679397583
766,2.514470100402832,1.7883250713348389
767,2.5171053409576416,1.8068270683288574
768,2.4671337604522705,1.8837312459945679
769,2.5322093963623047,1.7962380647659302
770,2.540226697921753,1.9375758171081543
771,2.485657215118408,1.9709447622299194
772,2.552243232727051,1.8842483758926392
773,2.5573885440826416,1.8267977237701416
774,2.5579771995544434,1.8669750690460205
775,2.4901528358459473,1.8936316967010498
776,2.502004623413086,1.8562144041061401
777,2.5186305046081543,1.837266206741333
778,2.527944326400757,1.8327984809875488
779,2.6017391681671143,1.964776873588562
780,2.478835344314575,1.9657196998596191
781,2.5113818645477295,1.8698632717132568
782,2.49661922454834,1.8560776710510254
783,2.515742301940918,1.9840795993804932
784,2.5256717205047607,1.8710356950759888
785,2.534224510192871,1.7901461124420166
786,2.5575547218322754,1.797690749168396
787,2.5128912925720215,1.9249595403671265
788,2.5247371196746826,1.7926665544509888
789,2.4848904609680176,1.7885587215423584
790,2.472615957260132,1.8236545324325562
791,2.5080363750457764,1.8506534099578857
792,2.5091042518615723,1.84949791431427
793,2.497042179107666,1.8478211164474487
794,2.5267679691314697,1.8491652011871338
795,2.5406270027160645,1.8205149173736572
796,2.5451486110687256,1.817476749420166
797,2.567997694015503,1.9152092933654785
798,2.4898550510406494,1.808666706085205
799,2.478943347930908,2.0850770473480225
800,2.5167312622070312,1.852303147315979
801,2.4817144870758057,1.9351305961608887
802,2.49520206451416,1.8527324199676514
803,2.497483491897583,1.8049041032791138
804,2.4749155044555664,1.9131494760513306
805,2.5219078063964844,1.8556935787200928
806,2.520303249359131,2.1345834732055664
807,2.5571422576904297,2.449148416519165
808,2.5406837463378906,2.0485095977783203
809,2.5045087337493896,1.8835346698760986
810,2.576881170272827,1.8076571226119995
811,2.5333383083343506,1.8812276124954224
812,2.4782817363739014,2.1979620456695557
813,2.515414237976074,1.7953201532363892
814,2.53935170173645,1.7871726751327515
815,2.4952738285064697,1.838571310043335
816,2.478937864303589,1.839016079902649
817,2.528663396835327,1.7923485040664673
818,2.543010711669922,1.7915637493133545
819,2.54306697845459,1.8016985654830933
820,2.456284999847412,1.8922890424728394
821,2.5354561805725098,1.7925695180892944
822,2.478604555130005,1.8799668550491333
823,2.5254018306732178,1.9531859159469604
824,2.509406328201294,1.9481370449066162
825,2.486790180206299,1.8502633571624756
826,2.5880038738250732,1.9406611919403076
827,2.518562078475952,1.8168302774429321
828,2.492541790008545,1.8208763599395752
829,2.5490171909332275,2.0375139713287354
830,2.5529026985168457,2.0971620082855225
831,2.5357508659362793,1.8492523431777954
832,2.538957118988037,1.8632748126983643
833,2.4969239234924316,1.8383454084396362
834,2.5256259441375732,1.8383742570877075
835,2.441540479660034,1.8180599212646484
836,2.473196029663086,1.8369674682617188
837,2.5394399166107178,1.8190721273422241
838,2.5062038898468018,1.803460955619812
839,2.5944809913635254,1.9380487203598022
840,2.551452875137329,1.8535773754119873
841,2.5316548347473145,1.9463528394699097
842,2.4991586208343506,1.8309462070465088
843,2.502718687057495,1.8890578746795654
844,2.545154333114624,2.0128448009490967
845,2.506824016571045,2.0642740726470947
846,2.5107438564300537,1.9523545503616333
847,2.4936306476593018,1.9802184104919434
848,2.4735732078552246,1.8664394617080688
849,2.5479576587677,2.127650022506714
850,2.526700973510742,1.877827525138855
851,2.5015506744384766,2.071639060974121
852,2.519078254699707,1.936257243156433
853,2.5347793102264404,1.9491372108459473
854,2.5342276096343994,1.8012340068817139
855,2.4931228160858154,1.799183964729309
856,2.4729652404785156,2.0535192489624023
857,2.5327374935150146,2.0986852645874023
858,2.565607786178589,1.8034876585006714
859,2.590146780014038,1.8342704772949219
860,2.5886571407318115,2.2933237552642822
861,2.547780752182007,1.8325215578079224
862,2.5246715545654297,1.9319740533828735
863,2.482342481613159,1.8552188873291016
864,2.5270838737487793,1.8929426670074463
865,2.504542112350464,1.9747282266616821
866,2.5246965885162354,1.8744910955429077
867,2.5333845615386963,1.8017213344573975
868,2.494741678237915,1.8369323015213013
869,2.518221855163574,1.9208542108535767
870,2.483851671218872,1.8505364656448364
871,2.5126535892486572,1.8694206476211548
872,2.5511834621429443,1.8457870483398438
873,4.018931865692139,3.6595661640167236
874,2.53839373588562,3.1366841793060303
875,2.5813956260681152,3.1074378490448
876,2.5464985370635986,2.4629995822906494
877,2.532200336456299,2.753624439239502
878,2.532604932785034,2.049224853515625
879,2.563619375228882,1.9494891166687012
880,2.5009186267852783,1.7622497081756592
881,2.522268772125244,2.201803684234619
882,2.493633985519409,2.3345351219177246
883,2.5514180660247803,2.184863805770874
884,2.5553033351898193,2.1205995082855225
885,2.5218758583068848,1.9046486616134644
886,2.4685494899749756,1.9679118394851685
887,2.5226569175720215,1.914682149887085
888,2.4932594299316406,1.8838801383972168
889,2.546527862548828,1.8560843467712402
890,2.519064426422119,1.9057543277740479
891,2.5444674491882324,2.0093045234680176
892,2.5489022731781006,2.183021068572998
893,2.512172222137451,2.1963860988616943
894,2.5107498168945312,2.045691967010498
895,2.5600249767303467,1.8233026266098022
896,2.5491912364959717,1.8336479663848877
897,2.513510227203369,1.9812246561050415
898,2.485384464263916,1.9003487825393677
899,2.498035192489624,2.034611701965332
900,2.505652666091919,1.9345725774765015
901,2.540714740753174,1.973117709159851
902,2.490769147872925,1.9058892726898193
903,2.5232391357421875,1.904154658317566
904,2.4927146434783936,1.8302885293960571
905,2.548299789428711,1.8770065307617188
906,2.49812912940979,1.824784517288208
907,2.5017237663269043,1.9438183307647705
908,2.4940640926361084,1.9639225006103516
909,2.4960598945617676,1.8441556692123413
910,2.4873206615448,1.8202393054962158
911,2.5097298622131348,1.9033658504486084
912,2.51643443107605,1.8725227117538452
913,2.4729583263397217,1.9036844968795776
914,2.454310417175293,1.9509708881378174
915,2.5156545639038086,1.9713338613510132
916,2.521815061569214,2.0919899940490723
917,2.5617542266845703,2.0019960403442383
918,2.4933414459228516,1.9422950744628906
919,2.5421481132507324,1.9436691999435425
920,2.5260276794433594,1.8568453788757324
921,2.5650196075439453,1.8967549800872803
922,2.5172553062438965,1.8396915197372437
923,2.4895238876342773,1.8800595998764038
924,2.5070900917053223,1.9761931896209717
925,2.5501997470855713,1.9076216220855713
926,2.4914937019348145,1.94615638256073
927,2.5173609256744385,1.868295431137085
928,2.5310232639312744,1.8005715608596802
929,2.52579927444458,1.881687879562378
930,2.5143232345581055,1.9685300588607788
931,2.5787250995635986,1.8440558910369873
932,2.49839448928833,1.8405178785324097
933,2.5365097522735596,1.8406585454940796
934,2.5255343914031982,1.9452900886535645
935,2.5003931522369385,1.8753539323806763
936,2.5459578037261963,1.823183536529541
937,2.5011184215545654,1.8322856426239014
938,2.5275588035583496,1.899700403213501
939,2.5045297145843506,1.8177896738052368
940,2.5102157592773438,1.8523094654083252
941,2.5029096603393555,2.020026206970215
942,2.500440835952759,1.8349547386169434
943,2.443650484085083,2.3635013103485107
944,2.4404330253601074,1.8361282348632812
945,2.4466798305511475,1.8511714935302734
946,2.5557687282562256,1.8824459314346313
947,2.5018012523651123,2.029512405395508
948,2.514331340789795,1.8918931484222412
949,2.54306697845459,1.912896990776062
950,2.4823217391967773,1.93507719039917
951,2.5241549015045166,1.9706993103027344
952,2.5589730739593506,1.885756015777588
953,2.5287206172943115,2.2145400047302246
954,2.524419069290161,1.8477298021316528
955,2.5252602100372314,1.8397592306137085
956,2.559147357940674,1.8101452589035034
957,2.5313966274261475,1.8520300388336182
958,2.538529634475708,2.444991111755371
959,2.5219874382019043,1.86418616771698
960,2.5662708282470703,1.9143346548080444
961,2.54264497756958,1.8776715993881226
962,2.5193402767181396,1.9590517282485962
963,2.545727014541626,1.8053221702575684
964,2.479762554168701,1.8137792348861694
965,2.551990032196045,1.7951163053512573
966,2.5222585201263428,1.840724229812622
967,2.520601511001587,1.807684063911438
968,2.533914566040039,1.9375895261764526
969,2.486893653869629,1.843314528465271
970,2.4841794967651367,2.003709077835083
971,2.460988998413086,2.0784084796905518
972,2.5494422912597656,1.9383465051651
973,2.555670738220215,1.8187791109085083
974,2.5654749870300293,2.1660497188568115
975,2.516416072845459,1.8784987926483154
976,2.565856456756592,1.8274809122085571
977,2.499263286590576,2.332854986190796
978,2.508622169494629,2.0760865211486816
979,2.462601661682129,1.846102237701416
980,2.545466899871826,1.9300323724746704
981,2.4959206581115723,1.8431124687194824
982,2.524484157562256,1.906494140625
983,2.548438310623169,1.9620457887649536
984,2.5302135944366455,1.9698678255081177
985,2.5160887241363525,1.900230050086975
986,2.510176420211792,1.8306070566177368
987,2.508620262145996,1.9463059902191162
988,2.5611300468444824,1.812290906906128
989,2.549799680709839,1.8312243223190308
990,2.4663121700286865,1.8105775117874146
991,2.532900094985962,1.847236156463623
992,2.5170652866363525,1.8134676218032837
993,2.494818925857544,1.8257791996002197
994,2.508565664291382,1.9373886585235596
995,2.628610849380493,1.9493744373321533
996,2.525343656539917,1.8374007940292358
997,2.523768186569214,1.9846762418746948
998,2.554511070251465,2.0015673637390137
999,2.5051870346069336,1.848826289176941
1000,2.4912853240966797,1.8992611169815063
1001,2.5067238807678223,1.8541172742843628
1002,2.525373697280884,1.9335312843322754
1003,2.6405422687530518,1.8876392841339111
1004,2.5072109699249268,1.8856457471847534
1005,2.472104072570801,1.9058200120925903
1006,2.5171709060668945,1.8818607330322266
1007,2.4664158821105957,1.8860688209533691
1008,2.4868624210357666,1.9294078350067139
1009,2.480027914047241,1.8589394092559814
1010,2.4970057010650635,1.9124726057052612
1011,2.534274101257324,1.8480910062789917
1012,2.526442050933838,1.8143130540847778
1013,2.506284713745117,1.89780592918396
1014,4.289583683013916,1.860119104385376
1015,2.511007070541382,1.9266108274459839
1016,2.4951388835906982,2.476881504058838
1017,2.5618348121643066,1.8457549810409546
1018,2.555860996246338,2.489520311355591
1019,2.5053939819335938,1.8447096347808838
1020,2.493227005004883,1.9423332214355469
1021,2.5704057216644287,1.8456039428710938
1022,2.544419050216675,2.1007399559020996
1023,2.5198311805725098,1.937522292137146
1024,2.5292470455169678,1.8350180387496948
1025,2.579562187194824,1.8418933153152466
1026,2.5294272899627686,1.8750401735305786
1027,2.513823986053467,1.9232450723648071
1028,2.5056443214416504,1.8998159170150757
1029,2.5173728466033936,2.220010995864868
1030,2.467078685760498,1.8559514284133911
1031,2.464597463607788,1.9411526918411255
1032,2.4598748683929443,2.071688175201416
1033,2.5403945446014404,2.23663067817688
1034,2.5502636432647705,1.8495362997055054
1035,2.5524497032165527,1.8527179956436157
1036,2.486137866973877,2.08518385887146
1037,2.560067653656006,1.828726887702942
1038,2.5293128490448,2.0171444416046143
1039,2.450521230697632,1.9164791107177734
1040,2.568741798400879,1.8916043043136597
1041,2.533754587173462,2.2381765842437744
1042,2.535106897354126,1.901979923248291
1043,2.500692844390869,1.8398436307907104
1044,2.49573016166687,1.858494520187378
1045,2.522693157196045,1.8389875888824463
1046,2.546114444732666,1.8185455799102783
1047,2.4496476650238037,1.8626617193222046
1048,2.4731454849243164,2.12913179397583
1049,2.519598960876465,1.8661396503448486
1050,2.524142026901245,1.8424384593963623
1051,2.5054354667663574,1.8477511405944824
1052,2.5451343059539795,1.8069946765899658
1053,2.5532541275024414,2.0185799598693848
1054,2.48891282081604,1.9262375831604004
1055,2.5375478267669678,2.311229944229126
1056,2.5869433879852295,1.814929723739624
1057,2.5166420936584473,1.8380275964736938
1058,2.488203525543213,1.8808544874191284
1059,2.50142502784729,1.8476289510726929
1060,2.515836715698242,2.225611448287964
1061,2.4755654335021973,1.9547936916351318
1062,2.529181480407715,1.8229117393493652
1063,2.5334692001342773,1.9500120878219604
1064,2.5350475311279297,1.9096065759658813
1065,3.4195120334625244,1.9676326513290405
1066,2.547142267227173,1.9675196409225464
1067,2.481384754180908,2.0579278469085693
1068,2.561009407043457,1.8864667415618896
1069,2.5272598266601562,1.8819080591201782
1070,2.520721197128296,1.8577831983566284
1071,2.5239295959472656,1.8589955568313599
1072,2.4892661571502686,2.2158477306365967
1073,2.5311670303344727,2.051119804382324
1074,2.487349271774292,1.8979016542434692
1075,2.4836924076080322,2.00522780418396
1076,2.516493797302246,2.0209665298461914
1077,2.5197243690490723,1.9033069610595703
1078,2.4995899200439453,1.8587642908096313
1079,2.4986438751220703,1.9766154289245605
1080,2.555985927581787,1.9670124053955078
1081,2.488149404525757,1.905592679977417
1082,2.4983644485473633,1.8638603687286377
1083,2.4891302585601807,2.0443778038024902
1084,2.4830894470214844,1.9539735317230225
1085,2.471357822418213,2.002082347869873
1086,2.4937238693237305,1.9011626243591309
1087,2.4996819496154785,1.8532180786132812
1088,2.49155855178833,1.8655033111572266
1089,2.518573522567749,1.8623530864715576
1090,2.490166425704956,1.844934344291687
1091,2.486971139907837,1.843223214149475
1092,2.505331516265869,1.9007971286773682
1093,2.493753433227539,1.8373124599456787
1094,2.5055155754089355,1.8398311138153076
1095,2.4807791709899902,1.8475210666656494
1096,2.452103853225708,1.87943696975708
1097,2.523735523223877,2.023513078689575
1098,2.542539596557617,1.832808017730713
1099,2.544184446334839,1.897251844406128
1100,2.4778194427490234,1.8582007884979248
1101,2.5082714557647705,1.8059649467468262
1102,2.5808849334716797,1.822265625
1103,2.500758409500122,1.9017568826675415
1104,2.534928798675537,1.913978934288025
1105,2.538928747177124,1.9416942596435547
1106,2.5286965370178223,1.9332548379898071
1107,2.499768018722534,1.921633005142212
1108,2.579771041870117,1.9074398279190063
1109,2.467524290084839,1.8509167432785034
1110,2.505246877670288,1.8681401014328003
1111,2.5588948726654053,1.8834494352340698
1112,2.5327322483062744,1.8814105987548828
1113,2.589132785797119,1.8746001720428467
1114,2.5139472484588623,2.219162940979004
1115,2.4875690937042236,1.8763401508331299
1116,2.5061094760894775,1.87277090549469
1117,2.543767213821411,1.8696798086166382
1118,2.488177537918091,7.495091915130615
1119,2.494162082672119,2.3162002563476562
1120,2.555640459060669,1.9247864484786987
1121,2.4788296222686768,1.9516297578811646
1122,2.542579174041748,1.9999182224273682
1123,2.4676191806793213,1.864427089691162
1124,2.49336838722229,1.921496868133545
1125,2.5125813484191895,1.8556175231933594
1126,2.504098415374756,1.8270574808120728
1127,2.493286371231079,1.8273348808288574
1128,2.5744850635528564,1.8493574857711792
1129,2.5006513595581055,1.9678250551223755
1130,2.4904422760009766,1.8901962041854858
1131,2.49558162689209,1.8957250118255615
1132,2.5217127799987793,2.182314157485962
1133,2.548443078994751,1.8917886018753052
1134,2.4987921714782715,1.9711664915084839
1135,2.4769036769866943,1.8921523094177246
1136,2.5030131340026855,1.9296621084213257
1137,2.5056777000427246,1.863701581954956
1138,2.4923348426818848,1.8654866218566895
1139,2.5467722415924072,1.8702456951141357
1140,2.510070562362671,2.0094473361968994
1141,2.547806739807129,2.1064844131469727
1142,2.5193963050842285,1.9387476444244385
1143,2.5611469745635986,1.9160414934158325
1144,2.5237200260162354,1.9791979789733887
1145,2.516932487487793,1.8723927736282349
1146,2.542241096496582,1.9824103116989136
1147,2.5371451377868652,1.8065403699874878
1148,2.540769338607788,1.8048069477081299
1149,2.619603395462036,1.8089896440505981
1150,2.4996235370635986,1.8298639059066772
1151,2.5141286849975586,1.8858469724655151
1152,2.5671920776367188,1.8759634494781494
1153,2.4880857467651367,1.8739169836044312
1154,2.479844570159912,1.9657654762268066
1155,2.4631028175354004,1.9017558097839355
1156,2.5536320209503174,1.909980058670044
1157,2.515425205230713,1.926986813545227
1158,2.500175714492798,1.8765190839767456
1159,2.4935495853424072,1.854161024093628
1160,4.316587924957275,4.7108612060546875
1161,2.6212918758392334,2.288907766342163
1162,2.559926986694336,2.255621910095215
1163,2.5785326957702637,2.6100006103515625
1164,2.541003704071045,1.9617880582809448
1165,2.483182430267334,2.1482763290405273
1166,2.51588773727417,2.046574115753174
1167,2.5164501667022705,2.0931942462921143
1168,2.485865592956543,1.8987034559249878
1169,2.4963810443878174,2.0932650566101074
1170,2.528010606765747,1.9243407249450684
1171,2.5081965923309326,2.019216537475586
1172,2.5498294830322266,1.9429163932800293
1173,2.5013046264648438,2.119364023208618
1174,2.575962543487549,1.936856746673584
1175,2.4988391399383545,1.9075572490692139
1176,2.4878463745117188,1.8349950313568115
1177,2.4906163215637207,2.127195119857788
1178,2.5561602115631104,1.8352199792861938
1179,2.5164425373077393,1.8596909046173096
1180,2.512018918991089,1.8402342796325684
1181,2.5354204177856445,1.8140279054641724
1182,2.5355639457702637,1.9574406147003174
1183,2.9372940063476562,1.867511510848999
1184,2.5162711143493652,2.0103561878204346
1185,2.521759271621704,1.9752317667007446
1186,2.540174961090088,1.9799306392669678
1187,2.4873509407043457,1.8762764930725098
1188,2.497873544692993,1.9159106016159058
1189,2.5224335193634033,1.8975781202316284
1190,2.5074455738067627,1.896538257598877
1191,2.567253828048706,2.0672717094421387
1192,2.5064616203308105,1.8813488483428955
1193,2.4796934127807617,2.1490981578826904
1194,2.7020421028137207,2.6089253425598145
1195,2.617826461791992,2.0369467735290527
1196,2.5257978439331055,2.0212578773498535
1197,2.5094783306121826,1.9157518148422241
1198,2.534621477127075,1.9021337032318115
1199,2.5407612323760986,1.8692915439605713
1200,2.511838674545288,1.9633020162582397
1201,2.535287618637085,1.8624347448349
1202,2.539874792098999,1.883297324180603
1203,2.469183921813965,1.9825451374053955
1204,2.551705837249756,1.9465008974075317
1205,2.5084142684936523,2.072896957397461
1206,2.528445243835449,1.9703727960586548
1207,2.5112366676330566,1.9200063943862915
1208,2.4893486499786377,1.9765294790267944
1209,2.520915985107422,1.8431782722473145
1210,2.5263564586639404,1.9895975589752197
1211,2.5155370235443115,1.8927232027053833
1212,2.491703510284424,1.8658171892166138
1213,2.4616425037384033,2.041217565536499
1214,2.523500919342041,1.9868180751800537
1215,2.4865128993988037,2.2981889247894287
1216,2.534235954284668,1.921739101409912
1217,2.4757509231567383,1.8853282928466797
1218,2.486173629760742,1.921122670173645
1219,2.50351881980896,1.8558696508407593
1220,2.5161759853363037,1.8647514581680298
1221,2.5002317428588867,1.962968349456787
1222,2.5275819301605225,1.9272292852401733
1223,2.5231568813323975,2.33414363861084
1224,2.5462493896484375,1.8006703853607178
1225,2.5350914001464844,1.8687081336975098
1226,2.497978448867798,1.9071346521377563
1227,2.5116658210754395,1.8682211637496948
1228,2.486260175704956,1.9334594011306763
1229,2.5124237537384033,1.882833480834961
1230,2.535352945327759,1.8480780124664307
1231,2.523521661758423,1.8344852924346924
1232,2.549928903579712,1.870551347732544
1233,2.4744644165039062,1.9568129777908325
1234,2.5253615379333496,1.9927382469177246
1235,2.4864163398742676,1.8112120628356934
1236,2.5649757385253906,1.9534293413162231
1237,5.525294780731201,2.739292860031128
1238,2.639288902282715,2.792128562927246
1239,2.595109701156616,1.9211291074752808
1240,2.572279691696167,2.6510348320007324
1241,2.583780527114868,2.274869680404663
1242,2.54557728767395,2.181396484375
1243,2.5720443725585938,1.8804113864898682
1244,2.559603452682495,1.726362943649292
1245,2.526646137237549,1.7598686218261719
1246,2.5573277473449707,1.9354865550994873
1247,2.5458407402038574,1.8759042024612427
1248,2.5624887943267822,2.049916982650757
1249,2.490293264389038,2.2996838092803955
1250,2.510422468185425,2.7539961338043213
1251,2.537726402282715,1.9324291944503784
1252,2.5404698848724365,1.980273723602295
1253,2.535742998123169,1.8610013723373413
1254,2.539400577545166,1.8362748622894287
1255,2.499328851699829,1.9723420143127441
1256,2.4660274982452393,1.8764339685440063
1257,2.5508294105529785,2.158853769302368
1258,2.5008819103240967,1.916886806488037
1259,2.5447421073913574,1.820359706878662
1260,2.5618152618408203,1.8221449851989746
1261,2.5347189903259277,1.8593037128448486
1262,2.5143847465515137,2.3275227546691895
1263,2.5372567176818848,1.8328524827957153
1264,2.517117738723755,2.0080418586730957
1265,2.5402634143829346,2.5230326652526855
1266,2.5154051780700684,1.8812381029129028
1267,2.5168368816375732,1.9191936254501343
1268,2.5350096225738525,2.189617872238159
1269,2.491950750350952,1.9581966400146484
1270,2.5538008213043213,1.8296676874160767
1271,2.513587474822998,1.894382357597351
1272,2.4722964763641357,1.8176790475845337
1273,2.542504072189331,1.7968937158584595
1274,2.6420185565948486,1.809227466583252
1275,2.4948437213897705,1.9230626821517944
1276,2.5281429290771484,1.9063562154769897
1277,2.581392765045166,2.054262161254883
1278,2.448626756668091,1.9918243885040283
1279,2.4880170822143555,1.9573314189910889
1280,2.5297417640686035,1.8431535959243774
1281,2.518282890319824,2.138442039489746
1282,2.534252643585205,1.8280466794967651
1283,2.499922275543213,1.8372350931167603
1284,2.538332939147949,1.8031738996505737
1285,2.4849557876586914,2.0028812885284424
1286,2.512346029281616,1.8292977809906006
1287,2.490535259246826,1.8110110759735107
1288,2.506598711013794,1.9273666143417358
1289,2.5293126106262207,2.0456204414367676
1290,2.5590052604675293,1.9799829721450806
1291,2.5207138061523438,1.9836076498031616
1292,2.560822010040283,1.8666880130767822
1293,2.531736135482788,1.7882264852523804
1294,2.4969077110290527,1.922814130783081
1295,2.513310194015503,1.8092389106750488
1296,2.4912657737731934,1.8639329671859741
1297,2.5056352615356445,1.7988845109939575
1298,2.494065284729004,1.824446439743042
1299,2.5590076446533203,2.020139217376709
1300,2.5115866661071777,1.9102343320846558
1301,2.5427303314208984,1.8988032341003418
1302,2.521735906600952,1.8544577360153198
1303,2.5046162605285645,1.8578943014144897
1304,2.5215632915496826,1.903454303741455
1305,2.5665769577026367,1.8784046173095703
1306,2.5598111152648926,1.962350606918335
1307,2.5285282135009766,1.9664314985275269
1308,2.5165200233459473,2.0891783237457275
1309,2.5695114135742188,1.8846744298934937
1310,2.5737574100494385,2.0235679149627686
1311,2.5753087997436523,1.8971513509750366
1312,2.483518362045288,1.9835830926895142
1313,2.548495292663574,1.8539812564849854
1314,2.562422752380371,1.9660321474075317
1315,2.506685495376587,1.9859389066696167
1316,2.521406412124634,1.9995187520980835
1317,2.5079236030578613,1.8864021301269531
1318,2.551914930343628,1.9829925298690796
1319,2.496837854385376,2.287665367126465
1320,2.5266807079315186,1.9875389337539673
1321,2.47894287109375,1.881536841392517
1322,2.5132174491882324,1.8371349573135376
1323,2.5036892890930176,1.9551466703414917
1324,2.546217441558838,1.8308396339416504
1325,2.6295454502105713,1.8609542846679688
1326,2.4957969188690186,1.8890049457550049
1327,2.4815406799316406,1.935586929321289
1328,2.509026527404785,2.2324447631835938
1329,2.539499521255493,2.039137840270996
1330,2.497728109359741,1.9800962209701538
1331,2.5090858936309814,1.8298131227493286
1332,2.4755799770355225,2.054880380630493
1333,2.5374298095703125,1.8397011756896973
1334,2.519690752029419,2.0244672298431396
1335,2.5046706199645996,1.958064317703247
1336,2.534552812576294,1.9571713209152222
1337,2.5425362586975098,1.9162886142730713
1338,2.4790074825286865,2.036848783493042
1339,2.563162326812744,1.9067623615264893
1340,2.560420513153076,1.8940200805664062
1341,2.5092170238494873,1.8642116785049438
1342,2.54740834236145,1.9601130485534668
1343,2.544396162033081,1.8375662565231323
1344,2.519099473953247,1.9356948137283325
1345,2.5504515171051025,1.8445568084716797
1346,2.5087790489196777,1.8516446352005005
1347,2.461794137954712,1.8858376741409302
1348,2.490915536880493,1.7992621660232544
1349,2.4741852283477783,1.889138102531433
1350,2.6128172874450684,1.8712526559829712
1351,2.4629642963409424,1.821602463722229
1352,2.54748272895813,1.8166842460632324
1353,2.5597188472747803,1.9093769788742065
1354,2.5179526805877686,1.8503285646438599
1355,2.6381781101226807,1.9658267498016357
1356,2.5595524311065674,1.8523890972137451
1357,2.5246987342834473,1.8858540058135986
1358,2.537036895751953,1.962827444076538
1359,2.469104290008545,1.9638410806655884
1360,2.4859156608581543,1.8244062662124634
1361,2.541078567504883,1.94680917263031
1362,2.4731552600860596,1.8427995443344116
1363,2.498525857925415,1.8666044473648071
1364,2.5115153789520264,2.075995445251465
1365,2.4915056228637695,1.97296941280365
1366,2.509570598602295,1.9852811098098755
1367,2.509201765060425,2.1463725566864014
1368,2.5466668605804443,1.9344372749328613
1369,2.5117619037628174,2.0100510120391846
1370,2.494140863418579,1.857611060142517
1371,2.508479595184326,2.0104005336761475
1372,2.558987855911255,2.1380462646484375
1373,2.5492918491363525,1.9643096923828125
1374,2.518864631652832,1.8329672813415527
1375,2.55220103263855,1.8972159624099731
1376,2.5170576572418213,1.9938695430755615
1377,2.4879894256591797,1.882789969444275
1378,2.505671739578247,1.8422660827636719
1379,2.4854180812835693,1.8735605478286743
1380,2.4925947189331055,1.826921820640564
1381,2.5266530513763428,1.8311835527420044
1382,2.557744264602661,2.35715913772583
1383,2.5842487812042236,1.902784824371338
1384,2.4919919967651367,1.9283469915390015
1385,2.534592390060425,2.18735408782959
1386,2.5066466331481934,1.8906441926956177
1387,2.50986647605896,1.9429196119308472
1388,2.549865961074829,1.8255723714828491
1389,2.5344486236572266,2.0500199794769287
1390,2.4707534313201904,1.8898030519485474
1391,2.4932849407196045,1.9958395957946777
1392,2.7106122970581055,1.8213155269622803
1393,2.484558343887329,1.8364299535751343
1394,2.5748398303985596,1.9475667476654053
1395,2.523347854614258,1.8516724109649658
1396,2.477155923843384,1.8620657920837402
1397,2.449937105178833,1.8646416664123535
1398,2.4854583740234375,1.8823935985565186
1399,2.524836778640747,1.8805314302444458
1400,2.5864288806915283,1.9298583269119263
1401,2.4713404178619385,2.157470941543579
1402,2.525512456893921,1.9276058673858643
1403,2.486673593521118,1.9618219137191772
1404,2.4406049251556396,1.9117836952209473
1405,2.497619390487671,1.8991162776947021
1406,2.4706826210021973,1.9813209772109985
1407,2.489206552505493,1.8407647609710693
1408,2.4959332942962646,1.902030348777771
1409,2.5184872150421143,1.8791261911392212
1410,2.508321523666382,1.8947970867156982
1411,2.4992456436157227,1.849711298942566
1412,2.481609582901001,1.9464298486709595
1413,2.5041751861572266,1.883632779121399
1414,2.5015108585357666,2.4877569675445557
1415,2.504876136779785,1.8652381896972656
1416,2.506528854370117,1.876806616783142
1417,2.491861343383789,1.8755345344543457
1418,2.488340139389038,1.8241931200027466
1419,2.518203020095825,1.9098080396652222
1420,2.5334019660949707,1.9519063234329224
1421,2.593672513961792,2.082197904586792
1422,2.501192569732666,1.9382389783859253
1423,2.4681620597839355,1.9150397777557373
1424,2.5331075191497803,1.9109646081924438
1425,2.540642738342285,1.8574696779251099
1426,2.4963228702545166,1.9193195104599
1427,2.5404300689697266,1.8884696960449219
1428,2.520141124725342,2.413675546646118
1429,2.5167136192321777,2.0208017826080322
1430,2.5056676864624023,1.8667787313461304
1431,2.531637191772461,2.0167813301086426
1432,2.53328013420105,2.109295606613159
1433,2.5089423656463623,1.8810021877288818
1434,2.5473580360412598,1.8949122428894043
1435,2.4752633571624756,1.9408783912658691
1436,2.5234787464141846,1.799140453338623
1437,2.530877113342285,1.9355370998382568
1438,2.5098187923431396,2.048462390899658
1439,2.5405519008636475,1.8547369241714478
1440,2.427222967147827,1.8307034969329834
1441,2.974778652191162,1.8211652040481567
1442,2.560880661010742,2.109020948410034
1443,2.5692739486694336,1.9750128984451294
1444,2.5000221729278564,1.8190363645553589
1445,2.508521795272827,1.8638123273849487
1446,2.525383472442627,2.016338348388672
1447,2.5396997928619385,1.8565261363983154
1448,2.5300164222717285,1.8339240550994873
1449,2.5073986053466797,1.9742156267166138
1450,2.4900290966033936,1.9587737321853638
1451,2.5480527877807617,1.8460323810577393
1452,2.523160219192505,1.9479115009307861
1453,2.492515802383423,1.8752691745758057
1454,2.498304843902588,2.332338571548462
1455,2.514630079269409,1.8448593616485596
1456,2.5150623321533203,1.8563631772994995
1457,2.5104191303253174,1.8743442296981812
1458,2.510999917984009,1.8740730285644531
1459,2.511017084121704,1.8961070775985718
1460,2.4664578437805176,2.003432512283325
1461,2.5263822078704834,2.0173373222351074
1462,2.477996349334717,2.0259556770324707
1463,2.4634149074554443,1.8702884912490845
1464,2.4865357875823975,1.9224393367767334
1465,2.4924814701080322,1.8196470737457275
1466,2.5807371139526367,1.9720686674118042
1467,2.4995501041412354,1.909940481185913
1468,2.4849915504455566,1.952738642692566
1469,2.495166540145874,2.5095667839050293
1470,2.5434818267822266,1.9560867547988892
1471,2.531996011734009,1.9645169973373413
1472,2.525753974914551,1.9152064323425293
1473,2.550522804260254,1.9546926021575928
1474,2.5450680255889893,1.9771449565887451
1475,2.4949848651885986,1.9325425624847412
1476,2.474937677383423,1.8209285736083984
1477,2.4837968349456787,2.0899901390075684
1478,2.4974968433380127,1.8529636859893799
1479,2.5055530071258545,1.8660576343536377
1480,2.562317371368408,1.8190001249313354
1481,2.503619909286499,1.9947564601898193
1482,2.5554628372192383,1.8603622913360596
1483,2.518432378768921,1.8488459587097168
1484,2.486607074737549,1.912933111190796
1485,2.509519338607788,1.858695149421692
1486,2.50628662109375,2.0202479362487793
1487,2.4954025745391846,1.9358688592910767
1488,2.5090248584747314,2.108227014541626
1489,2.5372095108032227,1.8497412204742432
1490,2.506754159927368,1.914659023284912
1491,2.480543851852417,1.9334442615509033
1492,2.539572238922119,3.145749807357788
1493,2.512176513671875,1.9894543886184692
1494,2.6134872436523438,2.0419392585754395
1495,2.5768775939941406,2.1993539333343506
1496,2.4956226348876953,1.8778194189071655
1497,2.4942638874053955,1.9032669067382812
1498,2.549114465713501,1.993800401687622
1499,2.503484010696411,2.170381784439087
1500,2.511132001876831,1.8453644514083862
1501,2.4911985397338867,1.8859951496124268
1502,4.398577690124512,1.9176472425460815
1503,2.5073041915893555,1.9055755138397217
1504,2.4853813648223877,1.951857328414917
1505,2.4873251914978027,2.196538209915161
1506,2.548501968383789,1.9295777082443237
1507,2.5588040351867676,1.9171661138534546
1508,2.544163465499878,2.3935775756835938
1509,2.547901153564453,2.069725751876831
1510,2.4825406074523926,2.027195930480957
1511,2.5152482986450195,1.9238455295562744
1512,2.4632651805877686,2.2406322956085205
1513,2.5104153156280518,1.8967176675796509
1514,2.4618947505950928,1.906855821609497
1515,2.5527822971343994,1.8883405923843384
1516,2.5105419158935547,1.9073411226272583
1517,2.5556066036224365,1.8569046258926392
1518,2.5428686141967773,2.107252597808838
1519,2.485828399658203,1.9098470211029053
1520,2.4759414196014404,1.8666778802871704
1521,2.545297861099243,1.8906794786453247
1522,2.5390775203704834,1.8261349201202393
1523,2.542412519454956,1.9421466588974
1524,2.5057809352874756,1.9476468563079834
1525,2.500486135482788,1.9828613996505737
1526,2.5024049282073975,2.0290284156799316
1527,2.522291660308838,1.8917346000671387
1528,2.5018973350524902,1.8564770221710205
1529,2.5047409534454346,1.9832462072372437
1530,2.55554461479187,1.8997963666915894
1531,2.534907341003418,1.9232524633407593
1532,2.482794761657715,1.8042044639587402
1533,2.517768383026123,2.0356173515319824
1534,2.5189247131347656,1.8595824241638184
1535,2.535280466079712,1.8792005777359009
1536,2.535637855529785,1.8561028242111206
1537,2.4400525093078613,1.8633800745010376
1538,2.529829502105713,1.8124080896377563
1539,2.517547130584717,1.936540126800537
1540,2.5596487522125244,1.965120553970337
1541,2.5344655513763428,2.1517751216888428
1542,2.48652720451355,1.9163856506347656
1543,2.5437326431274414,1.9437968730926514
1544,2.4585933685302734,1.9190887212753296
1545,2.568115711212158,1.806756854057312
1546,2.517606735229492,1.945975422859192
1547,2.4612298011779785,1.8548399209976196
1548,2.487234592437744,1.820838451385498
1549,2.5123794078826904,1.874171495437622
1550,2.4984328746795654,1.8360248804092407
1551,2.4780611991882324,1.9595494270324707
1552,2.4523837566375732,2.0095674991607666
1553,2.5098440647125244,1.8919236660003662
1554,2.51698899269104,1.8637433052062988
1555,2.4934921264648438,1.8214346170425415
1556,2.460236072540283,1.8311896324157715
1557,2.5064961910247803,1.8638252019882202
1558,2.516150951385498,1.8389087915420532
1559,2.514878749847412,1.9006550312042236
1560,2.555370807647705,1.9405648708343506
1561,2.5085906982421875,1.9003369808197021
1562,2.4839906692504883,2.0262997150421143
1563,2.4991295337677,1.847115159034729
1564,2.5473740100860596,1.8897901773452759
1565,2.587643623352051,2.002425193786621
1566,2.512342929840088,1.932751178741455
1567,2.5408737659454346,1.8598254919052124
1568,2.4744205474853516,2.3270654678344727
1569,2.5262796878814697,1.8199578523635864
1570,2.4720253944396973,1.8702185153961182
1571,2.511786937713623,1.8644435405731201
1572,2.517434597015381,1.8784270286560059
1573,2.4488282203674316,1.9080275297164917
1574,2.4609391689300537,1.817162036895752
1575,2.514423131942749,1.864666223526001
1576,2.4887332916259766,2.424215078353882
1577,2.534355640411377,1.8211113214492798
1578,2.5265231132507324,1.8492375612258911
1579,2.5104196071624756,1.9829846620559692
1580,2.4973998069763184,1.829725980758667
1581,2.487811326980591,1.8247132301330566
1582,2.4922523498535156,1.9397157430648804
1583,2.5323307514190674,1.837371587753296
1584,2.5077733993530273,2.2491214275360107
1585,2.5059075355529785,2.0236759185791016
1586,2.5080761909484863,2.0630691051483154
1587,2.5590431690216064,1.8430655002593994
1588,2.5444929599761963,1.8309290409088135
1589,2.486668109893799,1.9265679121017456
1590,2.4937148094177246,2.301438093185425
1591,2.5336978435516357,2.0748839378356934
1592,2.512024164199829,1.9400556087493896
1593,2.4546031951904297,1.8818496465682983
1594,2.5158238410949707,1.892393708229065
1595,2.5202596187591553,1.8050750494003296
1596,2.4939210414886475,1.9898542165756226
1597,2.5054383277893066,1.8358455896377563
1598,2.495835781097412,1.8208070993423462
1599,2.5198276042938232,1.862929105758667
1600,2.494588851928711,1.8123011589050293
1601,2.5498099327087402,1.8192362785339355
1602,2.546368360519409,1.9331005811691284
1603,2.5187690258026123,1.811601161956787
1604,2.529309034347534,2.1634726524353027
1605,2.5069143772125244,1.961292028427124
1606,2.528310775756836,2.0669920444488525
1607,2.5427191257476807,1.8479845523834229
1608,2.528139352798462,1.8455471992492676
1609,2.524601936340332,1.882192850112915
1610,2.5457558631896973,1.9818850755691528
1611,5.543981552124023,2.0764622688293457
1612,2.506338119506836,2.0157980918884277
1613,2.5308127403259277,1.8994899988174438
1614,2.498619794845581,2.077939748764038
1615,2.4927446842193604,1.9959417581558228
1616,2.571624994277954,1.933172583580017
1617,2.5416598320007324,2.0397021770477295
1618,2.52894926071167,2.52786922454834
1619,2.5310871601104736,1.9431015253067017
1620,2.53865122795105,2.256571054458618
1621,2.4916279315948486,1.944151759147644
1622,2.4785075187683105,1.8998438119888306
1623,2.4990808963775635,1.9832991361618042
1624,2.508417844772339,1.9274921417236328
1625,2.4856207370758057,2.272516965866089
1626,2.5265538692474365,1.9167571067810059
1627,2.5012993812561035,2.0916805267333984
1628,2.4860482215881348,1.9303913116455078
1629,2.5223066806793213,1.9481403827667236
1630,2.570556640625,1.8491401672363281
1631,2.533275842666626,1.7991076707839966
1632,2.5732321739196777,1.7954298257827759
1633,2.5690393447875977,1.7991528511047363
1634,2.510499954223633,1.8470498323440552
1635,2.5429787635803223,1.811373233795166
1636,2.516477346420288,1.8673454523086548
1637,2.474602222442627,1.9191584587097168
1638,2.460435390472412,1.9616948366165161
1639,2.4830281734466553,1.8687463998794556
1640,2.5130245685577393,1.910531997680664
1641,2.510641574859619,2.0323684215545654
1642,2.5259671211242676,1.9621366262435913
1643,2.5345256328582764,2.0763676166534424
1644,2.493051528930664,1.8390800952911377
1645,2.553649663925171,1.892007827758789
1646,2.5209431648254395,1.8324933052062988
1647,2.5633296966552734,1.9143197536468506
1648,2.547096014022827,2.410616159439087
1649,2.4991252422332764,1.9031507968902588
1650,2.516387939453125,2.2831003665924072
1651,2.5121824741363525,1.919654130935669
1652,2.5058929920196533,1.8056988716125488
1653,2.5196444988250732,2.062152862548828
1654,2.5767648220062256,1.9088858366012573
1655,2.511160373687744,1.83208167552948
1656,2.589085817337036,2.3296971321105957
1657,2.536539077758789,1.8467003107070923
1658,2.5845484733581543,1.930463433265686
1659,2.485339641571045,1.9116700887680054
1660,2.483881711959839,1.8213509321212769
1661,2.5292763710021973,1.8584771156311035
1662,2.5207438468933105,1.8659188747406006
1663,2.521789312362671,1.8839671611785889
1664,2.54073166847229,1.9813246726989746
1665,2.458775043487549,2.1417250633239746
1666,2.540238380432129,2.068246364593506
1667,2.4471874237060547,1.9480396509170532
1668,2.52172589302063,1.8756103515625
1669,2.5673296451568604,1.9259060621261597
1670,2.4664032459259033,1.8548413515090942
1671,2.5500218868255615,1.8386353254318237
1672,2.5156643390655518,2.0951545238494873
1673,2.5418832302093506,1.8712061643600464
1674,2.5314035415649414,3.077040433883667
1675,2.5383472442626953,1.8378121852874756
1676,2.4727327823638916,1.9273444414138794
1677,2.4782299995422363,1.9318283796310425
1678,2.544917583465576,1.9003149271011353
1679,2.577752113342285,1.9214116334915161
1680,2.482924699783325,1.834007978439331
1681,2.5065853595733643,1.8823373317718506
1682,2.5073089599609375,1.9237782955169678
1683,2.515040397644043,1.8109054565429688
1684,2.537447214126587,2.0820486545562744
1685,2.5142464637756348,2.0187063217163086
1686,2.4906680583953857,1.960429072380066
1687,2.4721314907073975,1.9347280263900757
1688,2.588663339614868,1.8262931108474731
1689,2.544250965118408,1.9936542510986328
1690,2.5403037071228027,1.9213281869888306
1691,2.5173912048339844,1.8107298612594604
1692,2.4987008571624756,1.9239623546600342
1693,2.488682508468628,1.937768816947937
1694,2.472301959991455,1.887539267539978
1695,2.5242576599121094,1.8226484060287476
1696,2.4960079193115234,2.036982297897339
1697,2.661278486251831,1.8961859941482544
1698,2.518681287765503,1.851811170578003
1699,2.525509834289551,2.2894606590270996
1700,2.512763023376465,1.8721128702163696
1701,2.5142126083374023,1.8287383317947388
1702,2.5144741535186768,1.8940446376800537
1703,2.5170819759368896,1.8710367679595947
1704,2.516889810562134,1.8852144479751587
1705,2.508060932159424,1.8644906282424927
1706,2.4880754947662354,1.8869681358337402
1707,2.4753448963165283,1.8633843660354614
1708,2.506808280944824,1.9685626029968262
1709,2.5093343257904053,1.8565700054168701
1710,2.5180039405822754,2.2135331630706787
1711,2.5140411853790283,1.9378949403762817
1712,2.4739837646484375,83.26862335205078
1713,2.54941463470459,2.001370429992676
1714,2.530553102493286,1.939029335975647
1715,2.5031425952911377,1.8607697486877441
1716,2.552793025970459,1.855327844619751
1717,2.527336835861206,1.8997832536697388
1718,2.4946117401123047,2.0127062797546387
1719,2.540623903274536,1.9211654663085938
1720,2.5059890747070312,1.8510819673538208
1721,2.550487756729126,1.9340994358062744
1722,2.532837152481079,1.8714659214019775
1723,2.576826810836792,2.0799500942230225
1724,2.479224443435669,6.693767070770264
1725,2.622668743133545,2.033870220184326
1726,2.582754373550415,1.865815281867981
1727,2.5176925659179688,1.9281785488128662
1728,2.5172135829925537,1.8478028774261475
1729,2.53090763092041,1.9620968103408813
1730,2.5627822875976562,1.8793097734451294
1731,2.5160574913024902,1.8680671453475952
1732,2.5429224967956543,1.9545055627822876
1733,2.521956443786621,1.8807971477508545
1734,2.488312005996704,1.9443167448043823
1735,2.4924845695495605,1.8710366487503052
1736,2.5151498317718506,2.0146539211273193
1737,2.4810123443603516,2.121938705444336
1738,2.53318452835083,1.8909499645233154
1739,2.5403478145599365,1.812921404838562
1740,2.5340323448181152,1.8662289381027222
1741,2.492966651916504,1.8977574110031128
1742,2.5744402408599854,2.5185461044311523
1743,2.5334632396698,1.849770426750183
1744,2.4850800037384033,1.9022083282470703
1745,2.5187201499938965,1.8622050285339355
1746,2.503537178039551,1.9129801988601685
1747,2.4733033180236816,1.970166563987732
1748,2.5748448371887207,2.3396239280700684
1749,2.5377285480499268,1.8838547468185425
1750,2.4700748920440674,1.8561211824417114
1751,2.512685537338257,1.904152274131775
1752,2.5038187503814697,2.040764570236206
1753,2.5258705615997314,1.8559458255767822
1754,2.5082459449768066,1.93565833568573
1755,2.506932020187378,1.8271914720535278
1756,2.512925863265991,1.8630750179290771
1757,2.460627794265747,1.8946082592010498
1758,2.5192205905914307,1.8697643280029297
1759,2.52449369430542,2.148599863052368
1760,2.564476251602173,1.8474750518798828
1761,2.46208119392395,1.8831764459609985
1762,2.5253190994262695,1.8925741910934448
1763,2.4941561222076416,1.867253065109253
1764,2.465346574783325,2.266287326812744
1765,2.5087244510650635,2.7112839221954346
1766,2.558666706085205,2.0499367713928223
1767,2.4972262382507324,1.8783762454986572
1768,2.4615752696990967,1.8545376062393188
1769,2.6034603118896484,2.1902759075164795
1770,2.567507743835449,1.9020626544952393
1771,2.4889118671417236,1.914732575416565
1772,2.516537666320801,1.8128858804702759
1773,2.4972777366638184,1.8571045398712158
1774,2.5609424114227295,2.0732173919677734
1775,2.5162088871002197,1.8512800931930542
1776,2.5425221920013428,2.2783548831939697
1777,2.524209499359131,1.859561800956726
1778,2.5370876789093018,1.8121511936187744
1779,2.599414587020874,1.894036054611206
1780,2.470808982849121,1.8577618598937988
1781,2.5378193855285645,1.8788907527923584
1782,2.543968439102173,1.8084834814071655
1783,2.5025675296783447,1.964303731918335
1784,2.5558948516845703,1.845840573310852
1785,2.5616774559020996,2.1717021465301514
1786,2.4884066581726074,1.9718339443206787
1787,2.4793055057525635,1.9846599102020264
1788,2.486767292022705,1.991565465927124
1789,2.540407419204712,2.315028429031372
1790,2.5591518878936768,1.82929527759552
1791,2.508366584777832,1.9149158000946045
1792,2.482945442199707,1.9911103248596191
1793,2.521306276321411,1.9310699701309204
1794,24.077091217041016,6.726363182067871
1795,2.8794021606445312,5.292867660522461
1796,2.7190358638763428,4.059233665466309
1797,2.699324607849121,4.53550910949707
1798,2.578955888748169,2.3182108402252197
1799,2.577317953109741,3.483053684234619
1800,2.5657355785369873,3.9060468673706055
1801,2.5720412731170654,2.5064213275909424
1802,2.6334245204925537,2.0392372608184814
1803,2.5439774990081787,1.9717791080474854
1804,2.5028135776519775,1.8287631273269653
1805,2.5342512130737305,2.017444372177124
1806,2.5418589115142822,2.244112730026245
1807,2.502044677734375,2.350599527359009
1808,2.5418715476989746,2.357490062713623
1809,2.5025060176849365,1.79972505569458
1810,2.5268805027008057,2.417743444442749
1811,2.529888868331909,1.7592310905456543
1812,2.493950128555298,2.531203269958496
1813,2.5012969970703125,1.9515293836593628
1814,2.5134694576263428,1.8116916418075562
1815,2.516634702682495,1.8507603406906128
1816,2.5407330989837646,2.265871286392212
1817,2.487969398498535,1.8269611597061157
1818,2.4578652381896973,1.7917357683181763
1819,2.5154592990875244,2.057779550552368
1820,2.5381624698638916,1.9128109216690063
1821,2.5775961875915527,1.9811780452728271
1822,2.4928300380706787,1.8739356994628906
1823,2.5007705688476562,2.6762170791625977
1824,2.4878523349761963,1.9834226369857788
1825,2.5384488105773926,2.00830340385437
1826,2.49404239654541,1.9652854204177856
1827,2.469031572341919,3.8845434188842773
1828,2.540480375289917,1.807687759399414
1829,2.5120222568511963,1.8494229316711426
1830,2.5083024501800537,1.9434071779251099
1831,2.476381778717041,1.8929595947265625
1832,2.5439071655273438,2.023239850997925
1833,2.5475013256073,2.2322678565979004
1834,2.513119697570801,1.859249472618103
1835,2.5031373500823975,2.0437004566192627
1836,2.5685863494873047,1.9044643640518188
1837,2.481452703475952,1.8670395612716675
1838,2.5430712699890137,1.9260972738265991
1839,2.501896619796753,2.021441698074341
1840,2.4827113151550293,1.8257548809051514
1841,2.483975410461426,2.2555534839630127
1842,2.5265114307403564,1.8701388835906982
1843,2.5014607906341553,1.9164412021636963
1844,2.4693057537078857,1.947597861289978
1845,2.559810161590576,1.9261459112167358
1846,2.5250136852264404,1.8745015859603882
1847,2.5494823455810547,1.8114114999771118
1848,2.53293776512146,2.015199661254883
1849,2.5720279216766357,1.8425160646438599
1850,2.5453810691833496,1.8396923542022705
1851,2.5195839405059814,1.8232543468475342
1852,2.5310966968536377,2.0327165126800537
1853,2.4928364753723145,1.8244365453720093
1854,2.5154659748077393,2.185312509536743
1855,2.5592362880706787,1.8869802951812744
1856,2.489623546600342,1.847093939781189
1857,2.5241730213165283,2.294663906097412
1858,2.520165205001831,1.8485850095748901
1859,2.5128917694091797,1.8994526863098145
1860,2.511718273162842,2.196852684020996
1861,2.5080273151397705,1.8311123847961426
1862,2.519634485244751,1.8957493305206299
1863,2.4942095279693604,1.882155179977417
1864,2.4650471210479736,1.833479404449463
1865,2.5020220279693604,1.889726161956787
1866,2.577030658721924,1.8287582397460938
1867,2.3934059143066406,1.9485065937042236
1868,2.545111656188965,1.8891624212265015
1869,2.497602939605713,2.006943464279175
1870,2.521336078643799,2.1584274768829346
1871,3.6494789123535156,1.9287567138671875
1872,2.4441776275634766,1.9011821746826172
1873,2.4922409057617188,1.909904956817627
1874,2.443847417831421,2.4921083450317383
1875,2.485788583755493,1.9782652854919434
1876,2.5461418628692627,2.0067665576934814
1877,2.556518316268921,1.9718419313430786
1878,2.5614678859710693,1.9300884008407593
1879,2.4579951763153076,1.9731065034866333
1880,2.4786534309387207,2.061405658721924
1881,2.533822774887085,1.9443950653076172
1882,2.5210466384887695,1.937142252922058
1883,2.5374882221221924,2.315929651260376
1884,2.505779266357422,2.2865328788757324
1885,2.512686014175415,1.9005793333053589
1886,2.543921947479248,2.325232982635498
1887,2.5036256313323975,1.9314249753952026
1888,2.5197396278381348,2.2617084980010986
1889,2.496598958969116,1.911468267440796
1890,2.519697427749634,1.9240190982818604
1891,2.506657361984253,1.9128162860870361
1892,2.5011754035949707,1.9128144979476929
1893,2.527571678161621,1.9408328533172607
1894,2.5507335662841797,1.9262850284576416
1895,2.4894466400146484,2.0559258460998535
1896,2.5401790142059326,1.980543613433838
1897,2.455275297164917,2.2485663890838623
1898,2.5271620750427246,1.9649062156677246
1899,2.4619688987731934,1.909407138824463
1900,2.49448561668396,1.8550595045089722
1901,2.490504741668701,1.9324716329574585
1902,2.490567207336426,2.0265932083129883
1903,2.503657341003418,1.968568205833435
1904,2.474198579788208,1.9415783882141113
1905,2.4831433296203613,250.9618377685547
1906,2.5578954219818115,1.9693294763565063
1907,2.5619454383850098,1.9366868734359741
1908,2.4930901527404785,2.1113858222961426
1909,2.4871761798858643,1.9405879974365234
1910,2.4748730659484863,1.8746281862258911
1911,2.5032906532287598,1.8088915348052979
1912,2.4950835704803467,1.8596800565719604
1913,2.5071349143981934,2.0251686573028564
1914,2.569733142852783,1.8323208093643188
1915,2.514568567276001,2.3643734455108643
1916,2.4851949214935303,1.8691476583480835
1917,2.531121015548706,1.8825019598007202
1918,2.4622573852539062,1.9322110414505005
1919,2.5560333728790283,3.5634450912475586
1920,2.5065324306488037,1.9735535383224487
1921,2.5051591396331787,1.9115432500839233
1922,2.495983362197876,1.8657279014587402
1923,2.497572660446167,1.8369799852371216
1924,2.54050350189209,1.8481286764144897
1925,2.484151840209961,1.885939121246338
1926,2.5552878379821777,1.8671793937683105
1927,2.4576354026794434,1.894405484199524
1928,2.516155958175659,1.9014933109283447
1929,2.568800449371338,1.8983336687088013
1930,2.448850631713867,1.9027557373046875
1931,2.5002100467681885,1.80999755859375
1932,2.5497543811798096,2.2493066787719727
1933,2.5457425117492676,1.9277158975601196
1934,2.5221755504608154,1.8776792287826538
1935,2.452754259109497,1.900259017944336
1936,2.482067823410034,1.9146143198013306
1937,2.484840154647827,1.9666447639465332
1938,2.5347933769226074,1.9885547161102295
1939,2.496743679046631,1.8379712104797363
1940,2.5832326412200928,2.0865228176116943
1941,2.5031309127807617,1.9195107221603394
1942,2.4390869140625,1.9508944749832153
1943,2.4718704223632812,1.945583462715149
1944,2.494046449661255,1.959870457649231
1945,2.464895248413086,2.5992090702056885
1946,2.563021421432495,1.883577823638916
1947,2.529386520385742,1.9386249780654907
1948,2.583489418029785,1.8413174152374268
1949,2.5065548419952393,2.2340378761291504
1950,2.4897170066833496,1.886094331741333
1951,2.5244204998016357,1.814363956451416
1952,2.4802467823028564,1.8843212127685547
1953,2.488048791885376,1.9472483396530151
1954,2.530128240585327,1.8602052927017212
1955,2.5093657970428467,1.8723053932189941
1956,2.4672346115112305,1.8345088958740234
1957,2.5011370182037354,1.8119354248046875
1958,2.515735149383545,1.8625625371932983
1959,2.4937684535980225,2.078061103820801
1960,2.513326406478882,2.5765347480773926
1961,2.5091681480407715,1.8016289472579956
1962,2.523613452911377,2.218162775039673
1963,2.5182948112487793,2.0074431896209717
1964,2.5362648963928223,1.8977715969085693
1965,2.5286264419555664,1.9317314624786377
1966,2.4524474143981934,1.9465606212615967
1967,2.500962018966675,2.120572090148926
1968,2.4782466888427734,1.8296692371368408
1969,2.499387502670288,1.8222392797470093
1970,2.4971396923065186,1.846405029296875
1971,2.6080901622772217,2.0661542415618896
1972,5.366822242736816,1.8549672365188599
1973,2.48394513130188,1.9230290651321411
1974,2.4515135288238525,2.2044308185577393
1975,2.519883394241333,1.8660787343978882
1976,2.458199977874756,1.879619836807251
1977,2.5034451484680176,1.9413800239562988
1978,2.4933063983917236,2.3855154514312744
1979,2.5002121925354004,1.8627700805664062
1980,2.5148909091949463,1.9421887397766113
1981,2.4644949436187744,2.3608500957489014
1982,2.5281450748443604,1.879338026046753
1983,2.5511412620544434,1.8662159442901611
1984,2.474116086959839,1.9671889543533325
1985,2.4768500328063965,1.898001790046692
1986,2.5031700134277344,1.8755714893341064
1987,2.5253374576568604,1.958239197731018
1988,2.4889514446258545,1.9181621074676514
1989,2.5046517848968506,1.9266806840896606
1990,2.479290008544922,1.889919638633728
1991,2.498159408569336,1.9351732730865479
1992,2.54931640625,1.9579912424087524
1993,2.5016820430755615,1.981836199760437
1994,2.458937406539917,2.1166422367095947
1995,2.5255210399627686,1.870536208152771
1996,2.558962106704712,1.817150354385376
1997,2.4982542991638184,2.084686517715454
1998,2.5588183403015137,1.8746984004974365
1999,2.4594528675079346,1.8355897665023804
